Sporadic-5;2476;0.00;3.57;6.79;2.06;-40;-140;-80;157;-271;-119;100120.85;1.11;0;0;0;0
Sporadic-5;3526;0.24;3.43;7.37;2.08;52;157;8;157;-267;-103;100117.97;1.18;0;0;0;0
Sporadic-5;4555;-0.27;2.92;5.30;5.09;-32;-817;98;168;-250;-72;100124.02;1.23;0;0;0;0
Sporadic-5;5584;0.27;1.76;6.62;4.93;1210;335;1286;132;-252;-96;100117.66;1.29;0;0;0;0
Sporadic-5;6614;-0.10;1.04;7.42;3.41;14;-287;58;74;-250;-112;100122.07;1.34;0;0;0;0
Sporadic-5;7643;-0.50;3.17;6.02;5.12;422;-1250;-612;133;-237;-51;100126.79;1.39;0;0;0;0
Sporadic-5;8672;0.18;0.03;7.04;2.42;3437;-1125;1000;64;-260;-180;100118.71;1.45;0;0;0;0
Sporadic-5;9704;-0.15;1.33;7.63;1.34;-578;1062;-254;41;-241;-229;100122.64;1.50;0;0;0;0
Sporadic-5;10733;0.48;1.12;7.42;1.40;69;11;12;59;-247;-227;100115.10;1.55;0;0;0;0
Sporadic-5;11762;-0.32;1.51;7.89;1.01;-104;2;-57;79;-249;-239;100124.64;1.61;0;0;0;0
Sporadic-5;12791;-0.25;1.81;7.58;0.20;-29;170;76;71;-251;-221;100123.82;1.66;0;0;0;0
Sporadic-5;13820;-0.10;1.66;8.12;0.62;178;202;510;68;-240;-228;100121.96;1.71;0;0;0;0
Sporadic-5;14850;0.65;2.57;7.10;1.41;-245;785;-953;10;-214;-156;100112.62;1.76;0;0;0;0
Sporadic-5;15882;0.37;0.50;7.92;0.93;-78;419;-179;21;-231;-151;100116.48;1.82;0;0;0;0
Sporadic-5;16911;-0.48;0.46;8.50;0.95;128;99;-209;33;-215;-151;100126.49;1.87;0;0;0;0
Sporadic-5;17940;0.04;0.65;7.96;0.91;-21;-69;50;29;-213;-145;100120.39;1.91;0;0;0;0
Sporadic-5;18969;0.54;0.63;7.99;1.07;-8;415;-33;27;-209;-145;100114.39;1.96;0;0;0;0
Sporadic-5;19998;0.64;0.56;7.98;1.07;-14;-47;-45;27;-205;-149;100113.16;2.01;0;0;0;0
Sporadic-5;21030;0.43;0.47;7.98;1.06;-10;-26;-48;28;-204;-138;100115.75;2.05;0;0;0;0
Sporadic-5;22062;0.59;0.56;7.71;1.47;-42;-279;-856;33;-213;-141;100113.84;2.10;0;0;0;0
Sporadic-5;23092;0.12;0.58;7.98;1.21;-15;-40;-45;22;-206;-152;100119.36;2.15;0;0;0;0
Sporadic-5;24121;0.30;0.56;7.99;1.05;-12;-30;-44;23;-211;-155;100117.29;2.20;0;0;0;0
Sporadic-5;25149;-0.14;0.54;7.98;1.01;-11;-33;-51;30;-206;-154;100122.53;2.24;0;0;0;0
Sporadic-5;26179;0.13;0.54;7.99;1.06;-16;-43;-45;22;-212;-150;100119.25;2.28;0;0;0;0
Sporadic-5;27210;0.72;0.51;7.98;1.07;-9;-28;-49;28;-206;-148;100112.25;2.33;0;0;0;0
Sporadic-5;28239;0.58;0.56;7.98;1.06;-15;-56;-42;29;-205;-147;100113.92;2.38;0;0;0;0
Sporadic-5;29268;0.31;0.52;7.99;1.03;-8;-16;-44;29;-209;-147;100117.17;2.42;0;0;0;0
Sporadic-5;30298;0.26;0.54;7.98;1.05;-10;-21;-46;29;-215;-145;100117.71;2.47;0;0;0;0
Sporadic-5;31327;0.24;0.51;7.99;1.00;-8;-14;-45;28;-206;-154;100117.96;2.51;0;0;0;0
Sporadic-5;32356;0.30;0.53;7.98;1.05;-12;-29;-44;25;-211;-151;100117.21;2.55;0;0;0;0
Sporadic-5;33390;0.91;0.55;7.97;1.11;-9;-12;-44;23;-205;-149;100110.04;2.59;0;0;0;0
Sporadic-5;34419;0.64;0.52;7.98;1.05;-8;-24;-45;24;-210;-152;100113.21;2.63;0;0;0;0
Sporadic-5;35448;0.68;0.50;7.99;1.07;-9;-7;-45;29;-205;-155;100112.79;2.67;0;0;0;0
Sporadic-5;36477;0.42;0.54;7.99;1.10;-11;-24;-46;24;-220;-156;100115.85;2.71;0;0;0;0
Sporadic-5;37507;0.76;0.50;7.98;1.06;-7;-7;-49;30;-210;-150;100111.79;2.76;0;0;0;0
Sporadic-5;38536;0.71;0.53;7.98;1.08;-12;-32;-46;30;-212;-150;100112.41;2.79;0;0;0;0
Sporadic-5;39567;0.08;0.48;7.98;1.01;-6;7;-45;28;-208;-150;100119.83;2.83;0;0;0;0
Sporadic-5;40596;0.16;0.51;7.99;1.08;-9;-31;-45;29;-217;-147;100118.89;2.87;0;0;0;0
Sporadic-5;41625;0.35;0.51;7.99;1.04;-9;-27;-46;33;-205;-151;100116.63;2.91;0;0;0;0
Sporadic-5;42654;0.71;0.55;7.98;1.08;-11;-20;-43;22;-202;-148;100112.36;2.94;0;0;0;0
Sporadic-5;43683;0.58;0.52;7.98;1.08;-13;-62;-41;29;-205;-151;100113.97;2.98;0;0;0;0
Sporadic-5;44712;0.26;0.54;7.98;1.09;-9;-37;-48;33;-205;-155;100117.79;3.02;0;0;0;0
Sporadic-5;45742;0.50;0.52;7.99;1.04;-11;-44;-43;27;-213;-151;100114.89;3.05;0;0;0;0
Sporadic-5;46769;0.34;0.51;7.98;1.07;-7;-27;-48;22;-208;-162;100116.75;3.09;0;0;0;0
Sporadic-5;47798;0.30;0.50;7.98;1.04;-10;-18;-44;26;-212;-148;100117.24;3.12;0;0;0;0
Sporadic-5;48827;0.51;0.53;7.99;1.08;-10;-20;-46;28;-204;-160;100114.78;3.16;0;0;0;0
Sporadic-5;49856;0.34;0.52;7.98;1.01;-10;-23;-46;24;-212;-152;100116.82;3.19;0;0;0;0
Sporadic-5;50885;0.45;0.51;7.99;1.05;-8;-8;-45;29;-203;-153;100115.49;3.22;0;0;0;0
Sporadic-5;51917;0.42;0.53;7.98;1.10;-13;-31;-45;20;-210;-152;100115.80;3.26;0;0;0;0
Sporadic-5;52946;0.33;0.52;7.99;1.08;-10;-28;-48;21;-209;-155;100116.92;3.29;0;0;0;0
Sporadic-5;53976;0.91;0.52;7.98;1.10;-12;-31;-48;29;-211;-153;100109.96;3.33;0;0;0;0
Sporadic-5;55005;0.24;0.55;7.98;1.09;-12;-28;-46;29;-205;-147;100118.03;3.36;0;0;0;0
Sporadic-5;56034;0.12;0.52;7.99;1.06;-9;-20;-47;27;-207;-151;100119.47;3.39;0;0;0;0
Sporadic-5;57063;0.03;0.52;7.98;1.07;-9;-21;-46;20;-212;-150;100119.63;3.42;0;0;0;0
Sporadic-5;58094;0.31;0.52;7.99;1.07;-13;-30;-46;26;-214;-152;100117.19;3.45;0;0;0;0
Sporadic-5;59123;0.12;0.51;7.98;1.08;-5;10;-49;26;-212;-154;100119.42;3.48;0;0;0;0
Sporadic-5;60152;0.51;0.50;7.99;1.07;-11;-28;-45;28;-212;-150;100114.76;3.50;0;0;0;0
Sporadic-5;61181;0.83;0.52;7.99;1.05;-5;-12;-49;38;-208;-146;100111.00;3.54;0;0;0;0
Sporadic-5;62211;-0.18;0.44;8.00;1.05;-11;-43;-65;19;-211;-153;100123.03;3.57;0;0;0;0
Sporadic-5;63240;0.50;0.52;7.98;1.11;-7;-2;-44;25;-205;-153;100114.92;3.60;0;0;0;0
Sporadic-5;64274;0.11;0.51;7.99;1.06;-11;-24;-47;23;-217;-149;100119.55;3.63;0;0;0;0
Sporadic-5;65303;0.69;0.50;7.99;1.07;-14;-58;-45;25;-205;-155;100112.57;3.66;0;0;0;0
Sporadic-5;806;0.05;0.53;7.99;1.03;-6;-14;-42;27;-205;-153;100120.25;3.69;0;0;0;0
Sporadic-5;1835;0.15;0.50;7.99;1.10;-15;-31;-45;27;-209;-147;100119.11;3.72;0;0;0;0
Sporadic-5;2864;-0.55;0.46;8.00;1.05;-17;-66;-46;28;-212;-144;100127.39;3.75;0;0;0;0
Sporadic-5;3893;-0.25;0.52;7.99;1.04;-16;-36;-44;34;-204;-148;100123.78;3.77;0;0;0;0
Sporadic-5;4925;0.26;0.50;7.98;1.10;-7;34;-44;16;-212;-150;100117.75;3.80;0;0;0;0
Sporadic-5;5954;-0.58;0.45;7.99;1.00;54;-44;-191;33;-211;-151;100127.67;3.82;0;0;0;0
Sporadic-5;6983;0.28;0.47;7.99;1.14;-4;16;-53;27;-205;-145;100117.49;3.84;0;0;0;0
Sporadic-5;8012;-0.36;0.32;8.01;1.01;-102;-3;49;39;-213;-145;100125.17;3.87;0;0;0;0
Sporadic-5;9040;-0.27;0.45;8.00;1.01;80;-28;-62;27;-209;-155;100124.06;3.89;0;0;0;0
Sporadic-5;10070;0.51;0.45;7.99;1.18;-17;-47;-44;25;-211;-141;100114.79;3.92;0;0;0;0
Sporadic-5;11099;-0.73;0.50;7.99;1.01;110;92;-210;26;-204;-154;100129.50;3.95;0;0;0;0
Sporadic-5;12131;-0.85;0.34;8.00;1.05;28;-61;-102;29;-211;-147;100130.96;3.97;0;0;0;0
Sporadic-5;13160;-0.12;0.47;7.98;1.16;-51;-39;16;29;-211;-141;100122.33;4.01;0;0;0;0
Sporadic-5;14189;-1.13;0.21;7.99;1.02;-13;-27;-72;24;-208;-162;100134.30;4.03;0;0;0;0
Sporadic-5;15218;-0.58;0.40;7.99;1.19;-74;-11;31;36;-208;-144;100127.76;4.05;0;0;0;0
Sporadic-5;16247;0.39;0.35;7.97;1.17;52;-8;-110;27;-215;-147;100116.56;4.07;0;0;0;0
Sporadic-5;17280;-0.78;0.40;7.99;1.17;-4;31;-47;29;-207;-143;100130.16;4.09;0;0;0;0
Sporadic-5;18309;-1.10;0.33;8.00;1.01;45;12;-112;30;-214;-142;100133.88;4.11;0;0;0;0
Sporadic-5;19343;-0.94;0.31;8.00;1.05;-9;-55;-50;34;-208;-148;100132.03;4.13;0;0;0;0
Sporadic-5;20372;-0.50;0.37;7.99;1.20;-3;22;-43;27;-215;-147;100126.78;4.15;0;0;0;0
Sporadic-5;21401;-0.55;0.37;7.98;1.15;4;102;-5;28;-210;-144;100127.43;4.18;0;0;0;0
Sporadic-5;22430;0.25;0.39;7.99;1.09;-6;-23;-44;27;-205;-143;100117.85;4.22;0;0;0;0
Sporadic-5;23462;0.29;0.33;8.00;1.05;-3;3;-47;32;-208;-148;100117.35;4.24;0;0;0;0
Sporadic-5;24492;-0.15;0.41;7.99;1.12;-7;-17;-46;25;-207;-151;100122.63;4.26;0;0;0;0
Sporadic-5;25521;-0.39;0.39;7.99;1.08;-7;3;-44;26;-206;-150;100125.51;4.28;0;0;0;0
Sporadic-5;26550;-0.33;0.41;7.99;1.07;-4;-27;-57;21;-211;-157;100124.72;4.31;0;0;0;0
Sporadic-5;27579;-0.15;0.44;8.00;1.11;-11;-28;-45;28;-214;-144;100122.66;4.33;0;0;0;0
Sporadic-5;28610;-0.10;0.40;7.99;1.09;-13;-5;-42;28;-208;-140;100122.04;4.35;0;0;0;0
Sporadic-5;29643;0.33;0.40;8.00;1.05;4;11;-49;25;-211;-147;100116.88;4.38;0;0;0;0
Sporadic-5;30672;0.45;0.44;7.99;1.11;-9;-32;-44;22;-216;-142;100115.53;4.40;0;0;0;0
Sporadic-5;31700;0.81;0.40;8.00;1.10;-10;-39;-36;31;-205;-143;100111.16;4.42;0;0;0;0
Sporadic-5;32730;0.25;0.42;8.00;1.05;-20;-94;-44;31;-211;-145;100117.87;4.45;0;0;0;0
Sporadic-5;33759;0.13;0.40;7.99;1.15;-4;2;-46;26;-214;-150;100119.33;4.48;0;0;0;0
Sporadic-5;34788;-0.01;0.42;7.99;1.13;-17;-46;-47;28;-208;-150;100120.94;4.50;0;0;0;0
Sporadic-5;35820;0.21;0.42;7.99;1.11;-10;-35;-44;31;-217;-147;100118.30;4.52;0;0;0;0
Sporadic-5;36849;0.31;0.46;7.99;1.15;-11;-52;-48;30;-208;-148;100117.20;4.55;0;0;0;0
Sporadic-5;37878;-0.04;0.43;7.99;1.16;-10;-8;-48;31;-211;-153;100121.38;4.57;0;0;0;0
Sporadic-5;38907;-0.03;0.41;8.00;1.11;-11;-10;-44;27;-203;-147;100121.26;4.59;0;0;0;0
Sporadic-5;39937;0.43;0.45;7.99;1.13;-11;-77;-48;21;-211;-147;100115.74;4.61;0;0;0;0
Sporadic-5;40966;0.28;0.46;7.99;1.17;-8;-13;-47;25;-215;-153;100117.52;4.63;0;0;0;0
Sporadic-5;41998;0.25;0.47;7.99;1.15;-6;14;-45;28;-210;-148;100117.89;4.65;0;0;0;0
Sporadic-5;43027;-0.09;0.48;7.99;1.11;-10;-25;-43;33;-213;-149;100121.89;4.68;0;0;0;0
Sporadic-5;44056;-0.24;0.43;8.00;1.15;-4;17;-44;26;-206;-152;100123.71;4.70;0;0;0;0
Sporadic-5;45085;-0.12;0.45;7.99;1.16;-11;-21;-46;30;-216;-146;100122.24;4.72;0;0;0;0
Sporadic-5;46114;0.55;0.41;8.00;1.08;-6;25;-41;29;-209;-141;100114.32;4.74;0;0;0;0
Sporadic-5;47142;6.55;2.43;16.00;1.37;266;4263;3360;7;-241;-111;100042.92;4.76;0;0;0;0
Sporadic-5;48175;74.82;1.81;0.79;1.37;486;21314;1289;278;-248;-160;99234.07;4.76;1;0;0;0
Sporadic-5;49205;133.01;0.63;3.93;0.72;235;16925;1210;19;-229;-47;98548.75;4.80;1;0;0;0
Sporadic-5;50234;176.77;0.31;2.74;0.02;152;13362;672;300;-214;-78;98013.20;4.82;1;0;0;0
Sporadic-5;51263;208.68;0.11;1.56;0.27;-52;10541;421;339;-171;-83;97645.24;4.88;1;0;0;0
Sporadic-5;52292;228.26;0.25;0.96;0.82;-441;8457;567;123;-105;81;97424.16;4.93;1;0;0;0
Sporadic-5;53321;237.97;0.18;0.52;0.64;508;6571;438;-46;-30;-354;97323.44;4.98;1;0;0;0
Sporadic-5;54353;237.24;0.02;0.60;0.91;-795;6053;-158;353;113;-69;97330.83;4.99;1;0;0;0
Sporadic-5;55384;225.81;0.31;0.80;0.60;-57;7136;657;-39;191;-149;97463.83;5.06;1;0;1;0
Sporadic-5;56413;208.01;0.04;2.12;2.22;2125;11034;-335;106;238;-254;97671.10;5.09;1;0;1;0
Sporadic-5;57442;200.33;10.12;10.53;5.88;3062;3554;25746;59;151;-41;97760.70;5.01;1;1;1;0
Sporadic-5;58473;164.58;1.27;7.56;13.98;13061;1244;15372;188;-72;-6;98178.51;4.95;1;1;1;0
Sporadic-5;59502;147.40;7.86;9.81;7.32;10052;-1182;22779;-78;136;-204;98379.80;4.94;1;1;1;0
Sporadic-5;60535;138.69;4.39;7.11;8.56;3769;-4071;22454;5;75;-39;98482.03;4.90;1;1;1;0
Sporadic-5;61564;121.07;1.38;6.34;8.52;-7250;-3229;20109;55;215;-87;98689.07;4.89;1;1;1;0
Sporadic-5;62594;93.69;2.37;0.34;10.58;-1722;2532;7642;58;-88;-44;99011.39;4.86;1;1;1;0
Sporadic-5;63623;80.09;1.01;13.29;2.02;67;-10721;-1223;97;-235;-217;99171.77;4.79;1;1;1;0
Sporadic-5;64653;72.91;0.70;8.21;2.97;-520;-8968;-2728;218;-144;-18;99256.64;4.81;1;1;1;0
Sporadic-5;146;64.87;1.25;8.42;2.91;-2508;-6203;-2403;133;-247;-205;99351.56;4.82;1;1;1;0
Sporadic-5;1178;56.94;1.78;7.65;0.37;1819;4275;547;246;-182;-398;99445.35;4.83;1;1;1;0
Sporadic-5;2207;49.70;0.06;8.64;3.29;-3637;10366;1366;255;-227;-163;99531.10;4.85;1;1;1;0
Sporadic-5;3236;41.24;2.68;9.63;0.18;4397;2685;-2896;125;-163;-423;99631.22;4.83;1;1;1;0
Sporadic-5;4265;36.15;0.47;8.73;2.43;-528;9494;2222;256;-246;-206;99691.63;4.83;1;1;1;0
Sporadic-5;5296;28.91;1.67;10.20;1.07;1208;7430;292;233;-241;-213;99777.46;4.90;1;1;1;0
Sporadic-5;6328;23.52;0.39;8.93;1.15;-3508;15188;18;336;-188;-314;99841.41;4.92;1;1;1;0
Sporadic-5;7357;17.69;0.69;8.12;2.29;753;8842;5577;121;-215;-97;99910.64;4.92;1;1;1;0
Sporadic-5;8386;11.20;2.31;10.52;3.07;314;-6635;4175;93;-157;-37;99987.64;4.99;1;1;1;0
Sporadic-5;9415;5.03;2.20;7.26;2.20;528;11478;-2532;201;-251;-219;100061.06;5.00;1;1;1;0
Sporadic-5;10444;-0.04;0.93;7.33;4.03;1642;-348;1092;108;-70;12;100121.33;5.05;1;1;1;1
Sporadic-5;11473;-1.59;3.63;0.53;8.20;5;-394;-71;43;127;-23;100139.72;5.06;1;1;1;1
Sporadic-5;12506;-1.83;3.52;0.57;8.29;-1;-20;-44;15;91;39;100142.54;5.12;1;1;1;1
Sporadic-5;13535;-1.54;3.51;0.55;8.26;-3;-29;-47;6;82;38;100139.13;5.19;1;1;1;1
Sporadic-5;14564;-1.45;3.53;0.55;8.24;-12;-26;-48;11;87;37;100138.13;5.26;1;1;1;1
Sporadic-5;15593;-1.59;3.53;0.56;8.25;-12;-22;-44;15;83;31;100139.78;5.32;1;1;1;1
Sporadic-5;16622;-1.52;3.52;0.56;8.24;-8;-26;-44;12;90;36;100138.89;5.40;1;1;1;1
Sporadic-5;17651;-1.13;3.52;0.55;8.25;-10;-25;-45;7;87;41;100134.34;5.47;1;1;1;1
Sporadic-5;18689;-1.55;3.52;0.56;8.26;-10;-22;-46;10;88;28;100139.22;5.54;1;1;1;1
Sporadic-5;19718;-1.38;3.51;0.55;8.25;-10;-22;-46;12;84;42;100137.24;5.61;1;1;1;1
Sporadic-5;20746;-1.25;3.52;0.55;8.25;-10;-25;-46;15;91;31;100135.72;5.69;1;1;1;1
Sporadic-5;21775;-1.27;3.52;0.55;8.25;-9;-23;-45;9;87;39;100135.92;5.76;1;1;1;1
Sporadic-5;22804;-1.48;3.53;0.54;8.25;-8;-25;-46;5;77;31;100138.41;5.83;1;1;1;1
Sporadic-5;23835;-1.28;3.52;0.55;8.25;-10;-23;-46;1;79;29;100136.07;5.90;1;1;1;1
Sporadic-5;24867;-1.42;3.52;0.55;8.24;-9;-23;-46;9;81;33;100137.72;5.98;1;1;1;1
Sporadic-5;25903;-1.29;3.53;0.54;8.24;-9;-23;-47;10;86;36;100137.00;6.04;1;1;1;1
Sporadic-5;26932;-1.10;3.53;0.54;8.25;-10;-23;-46;13;87;31;100138.18;6.11;1;1;1;1
Sporadic-5;27961;-0.83;3.53;0.54;8.26;-10;-23;-46;12;86;34;100133.88;6.18;1;1;1;1
Sporadic-5;28990;-1.05;3.53;0.54;8.25;-10;-22;-45;6;88;34;100132.99;6.25;1;1;1;1
Sporadic-5;30019;-1.25;3.52;0.54;8.26;-10;-21;-46;7;81;37;100133.02;6.31;1;1;1;1
Sporadic-5;31048;-1.06;3.52;0.54;8.25;-10;-23;-46;9;81;35;100134.30;6.37;1;1;1;1
Sporadic-5;32080;-0.88;3.52;0.54;8.24;-10;-23;-44;10;84;38;100132.82;6.44;1;1;1;1
Sporadic-5;33110;-0.89;3.52;0.54;8.24;-10;-24;-45;11;79;33;100131.05;6.49;1;1;1;1
Sporadic-5;34139;-0.97;3.53;0.53;8.24;-9;-23;-45;10;86;30;100130.89;6.54;1;1;1;1
Sporadic-5;35168;-1.10;3.53;0.54;8.24;-11;-24;-46;13;85;39;100129.94;6.61;1;1;1;1
Sporadic-5;36196;-0.98;3.52;0.54;8.24;-9;-23;-46;17;83;39;100132.56;6.66;1;1;1;1
Sporadic-5;37225;-1.22;3.52;0.54;8.24;-11;-22;-46;7;81;31;100130.51;6.73;1;1;1;1
Sporadic-5;38257;-0.95;3.52;0.54;8.25;-10;-23;-47;13;83;31;100129.96;6.77;1;1;1;1
Sporadic-5;39286;-1.13;3.52;0.54;8.25;-10;-24;-47;12;86;36;100132.54;6.83;1;1;1;1
Sporadic-5;40315;-0.90;3.52;0.53;8.25;-9;-24;-46;12;88;36;100131.22;6.87;1;1;1;1
Sporadic-5;41345;-1.00;3.52;0.54;8.24;-10;-24;-47;11;89;35;100132.80;6.92;1;1;1;1
Sporadic-5;42374;-0.94;3.52;0.54;8.25;-11;-24;-45;19;83;37;100132.00;6.97;1;1;1;1
Sporadic-5;43403;-0.93;3.53;0.53;8.25;-10;-24;-46;13;77;39;100131.94;7.02;1;1;1;1
Sporadic-5;44435;-0.94;3.53;0.54;8.25;-11;-24;-47;11;81;33;100128.80;7.05;1;1;1;1
Sporadic-5;45464;-1.02;3.53;0.53;8.25;-10;-24;-45;11;85;39;100132.94;7.10;1;1;1;1
Sporadic-5;46493;-0.91;3.52;0.53;8.25;-11;-24;-46;6;82;36;100131.66;7.14;1;1;1;1
Sporadic-5;47521;-1.17;3.52;0.53;8.24;-10;-25;-46;5;81;31;100134.80;7.19;1;1;1;1
Sporadic-5;48550;-1.06;3.52;0.53;8.24;-12;-23;-46;7;89;33;100133.50;7.23;1;1;1;1
Sporadic-5;49580;-1.03;3.52;0.54;8.24;-11;-23;-46;10;78;36;100133.14;7.28;1;1;1;1
Sporadic-5;50612;-0.99;3.52;0.53;8.24;-11;-23;-47;16;86;38;100132.60;7.32;1;1;1;1
Sporadic-5;51641;-0.97;3.52;0.53;8.24;-11;-25;-46;13;91;33;100132.41;7.36;1;1;1;1
Sporadic-5;52670;-0.83;3.53;0.53;8.23;-11;-25;-47;11;81;31;100130.73;7.39;1;1;1;1
Sporadic-5;53699;-1.31;3.52;0.53;8.24;-11;-25;-46;7;87;31;100136.36;7.42;1;1;1;1
Sporadic-5;54728;-1.20;3.52;0.53;8.24;-11;-26;-47;1;79;23;100135.11;7.46;1;1;1;1
Sporadic-5;55757;-0.82;3.52;0.53;8.23;-11;-27;-46;10;88;42;100130.66;7.50;1;1;1;1
Sporadic-5;56786;-0.95;3.52;0.53;8.23;-12;-25;-48;9;93;29;100132.17;7.54;1;1;1;1
Sporadic-5;57819;-1.09;3.53;0.53;8.24;-13;-25;-46;16;78;34;100133.86;7.57;1;1;1;1
Sporadic-5;58848;-1.14;3.53;0.53;8.24;-11;-25;-46;7;85;31;100134.43;7.61;1;1;1;1
Sporadic-5;59876;-1.18;3.53;0.53;8.23;-13;-26;-47;17;85;33;100134.91;7.65;1;1;1;1
Sporadic-5;60905;-1.32;3.53;0.52;8.24;-11;-26;-46;10;82;28;100136.55;7.68;1;1;1;1
Sporadic-5;61934;-1.22;3.53;0.53;8.23;-12;-26;-46;11;81;33;100135.32;7.70;1;1;1;1
Sporadic-5;62963;-1.09;3.53;0.52;8.23;-12;-25;-46;13;79;35;100133.83;7.73;1;1;1;1
Sporadic-5;63995;-1.05;3.53;0.52;8.22;-12;-25;-47;14;82;38;100133.32;7.76;1;1;1;1
Sporadic-5;65025;-1.15;3.53;0.52;8.23;-11;-25;-46;7;81;33;100134.48;7.79;1;1;1;1
Sporadic-5;518;-1.15;3.53;0.52;8.23;-11;-26;-46;6;88;32;100134.57;7.82;1;1;1;1
Sporadic-5;1547;-1.38;3.54;0.52;8.23;-11;-26;-45;8;84;30;100137.26;7.85;1;1;1;1
Sporadic-5;2576;-1.37;3.53;0.52;8.22;-12;-29;-47;18;82;38;100137.14;7.87;1;1;1;1
Sporadic-5;3604;-1.02;3.53;0.52;8.23;-13;-27;-47;8;82;28;100132.94;7.90;1;1;1;1
Sporadic-5;4636;-1.12;3.53;0.52;8.24;-13;-27;-45;12;92;38;100134.19;7.94;1;1;1;1
Sporadic-5;5665;-0.92;3.53;0.52;8.23;-11;-28;-47;6;86;40;100131.75;7.97;1;1;1;1
Sporadic-5;6694;-1.31;3.53;0.52;8.23;-11;-27;-47;7;79;31;100136.39;7.99;1;1;1;1
Sporadic-5;7724;-1.30;3.53;0.52;8.23;-12;-29;-45;10;94;30;100136.35;8.02;1;1;1;1
Sporadic-5;8753;-1.43;3.54;0.52;8.21;-14;-27;-46;7;87;31;100137.88;8.03;1;1;1;1
Sporadic-5;9781;-1.39;3.54;0.52;8.23;-11;-28;-46;15;89;31;100137.39;8.06;1;1;1;1
Sporadic-5;10813;-1.24;3.53;0.52;8.22;-12;-29;-46;12;82;26;100135.61;8.08;1;1;1;1
Sporadic-5;11842;-1.39;3.53;0.53;8.22;-11;-27;-46;6;82;28;100137.32;8.11;1;1;1;1
Sporadic-5;12871;-1.50;3.54;0.52;8.22;-12;-28;-45;17;89;27;100138.61;8.13;1;1;1;1
Sporadic-5;13900;-1.46;3.54;0.52;8.22;-11;-34;-46;12;82;32;100138.25;8.15;1;1;1;1
Sporadic-5;14929;-1.69;3.54;0.52;8.21;-12;-30;-46;7;85;33;100140.92;8.18;1;1;1;1
Sporadic-5;15959;-1.56;3.54;0.52;8.23;-11;-27;-46;2;90;22;100139.35;8.20;1;1;1;1
Sporadic-5;16993;-1.33;3.54;0.51;8.22;-12;-29;-46;10;82;24;100136.70;8.21;1;1;1;1
Sporadic-5;18026;-1.59;3.54;0.52;8.22;-12;-28;-46;5;85;31;100139.75;8.23;1;1;1;1
Sporadic-5;19055;-1.31;3.53;0.52;8.22;-12;-29;-45;14;86;36;100136.36;8.25;1;1;1;1
Sporadic-5;20084;-1.89;3.53;0.52;8.22;-13;-29;-46;9;87;37;100143.39;8.28;1;1;1;1
Sporadic-5;21121;-1.57;3.54;0.52;8.22;-12;-28;-45;10;80;40;100139.57;8.30;1;1;1;1
Sporadic-5;22150;-1.67;3.54;0.51;8.22;-12;-28;-46;12;86;32;100140.72;8.33;1;1;1;1
Sporadic-5;23179;-1.41;3.53;0.52;8.22;-13;-29;-45;7;77;37;100137.58;8.34;1;1;1;1
Sporadic-5;24211;-1.70;3.53;0.52;8.22;-11;-34;-48;7;81;29;100141.07;8.36;1;1;1;1
Sporadic-5;25240;-1.75;3.54;0.51;8.22;-12;-27;-47;6;88;30;100141.63;8.39;1;1;1;1
Sporadic-5;26268;-1.91;3.54;0.52;8.22;-12;-29;-45;4;76;28;100143.57;8.40;1;1;1;1
Sporadic-5;27297;-1.52;3.54;0.52;8.21;-12;-29;-46;12;76;32;100138.92;8.42;1;1;1;1
Sporadic-5;28326;-1.42;3.54;0.52;8.22;-12;-28;-47;6;86;28;100137.79;8.43;1;1;1;1
Sporadic-5;29356;-0.91;3.54;0.51;8.21;-12;-30;-45;8;84;32;100131.60;8.45;1;1;1;1
Sporadic-5;30388;-1.29;3.54;0.52;8.21;-12;-29;-45;6;86;32;100136.24;8.47;1;1;1;1
Sporadic-5;31417;-1.24;3.54;0.51;8.22;-11;-28;-47;17;85;35;100135.60;8.48;1;1;1;1
Sporadic-5;32446;-1.25;3.55;0.52;8.21;-11;-29;-47;12;82;36;100135.36;8.50;1;1;1;1
Sporadic-5;33475;-1.27;3.54;0.51;8.21;-11;-28;-46;17;77;31;100135.89;8.52;1;1;1;1
Sporadic-5;34504;-0.77;3.54;0.52;8.22;-11;-29;-46;14;84;26;100130.03;8.53;1;1;1;1
Sporadic-5;35533;-1.06;3.54;0.51;8.22;-12;-29;-46;13;77;33;100133.42;8.55;1;1;1;1
Sporadic-5;36564;-1.09;3.54;0.51;8.21;-13;-30;-46;11;81;29;100133.79;8.57;1;1;1;1
Sporadic-5;37594;-0.94;3.54;0.52;8.22;-12;-30;-45;9;85;37;100132.07;8.58;1;1;1;1
Sporadic-5;38623;-1.07;3.54;0.52;8.21;-12;-28;-46;6;78;36;100133.60;8.60;1;1;1;1
Sporadic-5;39652;-0.81;3.54;0.51;8.21;-12;-29;-46;9;83;33;100130.49;8.62;1;1;1;1
Sporadic-5;40681;-1.13;3.54;0.52;8.22;-12;-28;-45;10;82;32;100134.25;8.63;1;1;1;1
Sporadic-5;41710;-1.13;3.54;0.52;8.20;-13;-30;-46;5;83;33;100134.32;8.65;1;1;1;1
Sporadic-5;42742;-1.17;3.54;0.52;8.22;-12;-30;-45;12;80;34;100134.74;8.67;1;1;1;1
Sporadic-5;43771;-1.12;3.53;0.51;8.21;-12;-28;-46;6;84;30;100134.15;8.68;1;1;1;1
Sporadic-5;44801;-1.20;3.54;0.52;8.22;-12;-29;-47;12;88;28;100135.15;8.69;1;1;1;1
Sporadic-5;45830;-1.24;3.53;0.52;8.22;-12;-29;-44;12;92;34;100135.62;8.71;1;1;1;1
Sporadic-5;46859;-1.22;3.54;0.51;8.21;-12;-30;-47;5;83;37;100135.33;8.72;1;1;1;1
Sporadic-5;47887;-1.06;3.53;0.51;8.22;-11;-30;-45;13;85;37;100133.46;8.74;1;1;1;1
Sporadic-5;48928;-1.06;3.53;0.51;8.22;-12;-29;-46;15;87;27;100133.50;8.75;1;1;1;1
Sporadic-5;49957;-1.39;3.54;0.51;8.21;-12;-30;-46;10;82;32;100137.35;8.77;1;1;1;1
Sporadic-5;50987;-0.94;3.53;0.52;8.22;-12;-30;-46;17;89;33;100132.04;8.78;1;1;1;1
Sporadic-5;52016;-1.21;3.54;0.52;8.22;-12;-30;-46;7;81;37;100135.27;8.80;1;1;1;1
Sporadic-5;53045;-1.05;3.54;0.51;8.21;-12;-30;-45;-1;81;35;100133.35;8.81;1;1;1;1
Sporadic-5;54074;-1.12;3.54;0.51;8.21;-11;-29;-46;14;84;36;100134.14;8.83;1;1;1;1
Sporadic-5;55103;-0.96;3.54;0.51;8.21;-12;-29;-45;7;87;31;100132.30;8.84;1;1;1;1
Sporadic-5;56135;-1.01;3.54;0.51;8.21;-12;-30;-46;10;88;38;100132.83;8.86;1;1;1;1
Sporadic-5;57164;-1.21;3.54;0.52;8.21;-12;-30;-46;13;83;29;100135.27;8.87;1;1;1;1
Sporadic-5;58193;-1.33;3.53;0.52;8.21;-12;-28;-46;13;83;29;100136.67;8.89;1;1;1;1
Sporadic-5;59223;-1.26;3.54;0.52;8.21;-11;-30;-46;15;83;33;100135.85;8.90;1;1;1;1
Sporadic-5;60252;-1.21;3.54;0.51;8.20;-12;-29;-46;15;79;39;100135.26;8.91;1;1;1;1
Sporadic-5;61281;-1.10;3.54;0.51;8.21;-13;-28;-46;9;85;31;100133.92;8.93;1;1;1;1
Sporadic-5;62313;-1.24;3.54;0.51;8.19;-13;-29;-45;9;81;33;100135.57;8.94;1;1;1;1
Sporadic-5;63341;-1.41;3.53;0.51;8.21;-12;-30;-46;5;79;33;100137.58;8.96;1;1;1;1
Sporadic-5;64370;-1.30;3.53;0.52;8.21;-12;-30;-46;8;88;34;100136.32;8.97;1;1;1;1
Sporadic-5;65399;-0.82;3.54;0.51;8.21;-11;-30;-44;4;92;32;100129.07;8.98;1;1;1;1
Sporadic-5;892;-0.94;3.54;0.51;8.21;-12;-28;-46;7;81;27;100131.99;9.00;1;1;1;1
Sporadic-5;1922;-1.23;3.53;0.51;8.21;-12;-29;-45;10;86;30;100135.42;9.01;1;1;1;1
Sporadic-5;2954;-1.13;3.54;0.51;8.21;-13;-29;-45;8;86;32;100134.24;9.02;1;1;1;1
Sporadic-5;3982;-1.08;3.53;0.51;8.21;-12;-29;-46;12;84;32;100133.75;9.03;1;1;1;1
Sporadic-5;5011;-0.96;3.53;0.51;8.22;-13;-30;-46;18;84;30;100132.32;9.05;1;1;1;1
Sporadic-5;6040;-0.96;3.54;0.51;8.20;-12;-29;-45;6;86;38;100132.24;9.06;1;1;1;1
Sporadic-5;7069;-0.99;3.53;0.51;8.20;-13;-29;-47;18;88;30;100132.64;9.07;1;1;1;1
Sporadic-5;8098;-1.06;3.53;0.51;8.21;-13;-29;-46;9;91;31;100133.39;9.09;1;1;1;1
Sporadic-5;9131;-1.13;3.54;0.51;8.22;-13;-30;-46;7;79;41;100134.24;9.10;1;1;1;1
Sporadic-5;10159;-1.47;3.53;0.51;8.22;-12;-29;-46;7;85;29;100138.30;9.11;1;1;1;1
Sporadic-5;11188;-1.52;3.54;0.51;8.20;-12;-29;-45;10;84;34;100138.99;9.12;1;1;1;1
Sporadic-5;12219;-1.23;3.54;0.51;8.22;-11;-31;-46;11;77;31;100135.49;9.14;1;1;1;1
Sporadic-5;13248;-1.08;3.54;0.51;8.21;-12;-29;-47;7;85;31;100133.72;9.14;1;1;1;1
Sporadic-5;14277;-0.91;3.54;0.51;8.21;-11;-30;-46;11;81;33;100131.66;9.16;1;1;1;1
Sporadic-5;15321;-1.25;3.54;0.51;8.20;-12;-30;-46;17;85;29;100135.68;9.17;1;1;1;1
Sporadic-5;16353;-1.33;3.54;0.51;8.21;-13;-30;-46;4;78;34;100136.61;9.19;1;1;1;1
Sporadic-5;17382;-1.08;3.53;0.51;8.21;-12;-29;-46;6;88;24;100133.63;9.20;1;1;1;1
Sporadic-5;18411;-1.31;3.54;0.51;8.21;-11;-31;-47;8;80;36;100136.41;9.22;1;1;1;1
Sporadic-5;19440;-1.29;3.54;0.51;8.22;-12;-30;-46;5;79;39;100136.24;9.23;1;1;1;1
Sporadic-5;20469;-1.35;3.54;0.50;8.21;-11;-32;-46;4;82;26;100136.94;9.24;1;1;1;1
Sporadic-5;21498;-1.31;3.54;0.52;8.21;-10;-33;-46;10;88;30;100136.39;9.26;1;1;1;1
Sporadic-5;22531;-1.39;3.54;0.51;8.20;-13;-29;-46;8;90;34;100137.35;9.27;1;1;1;1
Sporadic-5;23560;-1.37;3.54;0.51;8.21;-12;-30;-47;6;90;30;100137.10;9.28;1;1;1;1
Sporadic-5;24589;-1.63;3.54;0.51;8.21;-13;-30;-46;2;82;26;100140.22;9.30;1;1;1;1
Sporadic-5;25617;-1.71;3.55;0.50;8.20;-12;-29;-46;3;87;33;100141.25;9.31;1;1;1;1
Sporadic-5;26646;-1.29;3.54;0.50;8.20;-12;-30;-46;10;90;32;100136.15;9.32;1;1;1;1
Sporadic-5;27675;-1.64;3.54;0.50;8.20;-13;-31;-46;15;81;27;100140.28;9.34;1;1;1;1
Sporadic-5;28707;-0.90;3.54;0.51;8.20;-11;-29;-46;13;87;35;100131.57;9.35;1;1;1;1
Sporadic-5;29736;-1.00;3.54;0.51;8.20;-13;-30;-46;8;80;26;100132.71;9.36;1;1;1;1
Sporadic-5;30767;-1.01;3.54;0.51;8.20;-12;-29;-45;14;82;24;100132.91;9.37;1;1;1;1
Sporadic-5;31796;-1.00;3.54;0.50;8.21;-13;-29;-45;7;79;31;100132.35;9.38;1;1;1;1
Sporadic-5;32825;-0.87;3.54;0.51;8.20;-11;-30;-48;19;91;33;100131.16;9.39;1;1;1;1
Sporadic-5;33854;-1.06;3.54;0.51;8.20;-13;-30;-45;4;92;34;100133.44;9.41;1;1;1;1
Sporadic-5;34886;-0.93;3.54;0.50;8.19;-12;-29;-48;3;85;33;100131.88;9.42;1;1;1;1
Sporadic-5;35915;-1.04;3.54;0.50;8.21;-12;-28;-46;11;89;33;100133.25;9.43;1;1;1;1
Sporadic-5;36944;-1.09;3.55;0.50;8.20;-12;-30;-46;14;86;28;100133.80;9.44;1;1;1;1
Sporadic-5;37972;-1.19;3.55;0.51;8.20;-12;-30;-44;11;89;25;100134.99;9.45;1;1;1;1
Sporadic-5;39002;-0.96;3.54;0.50;8.20;-12;-32;-46;11;79;35;100132.21;9.47;1;1;1;1
Sporadic-5;40031;-1.14;3.54;0.51;8.20;-11;-28;-47;9;87;27;100134.38;9.48;1;1;1;1
Sporadic-5;41065;-1.23;3.54;0.50;8.20;-12;-29;-46;12;80;26;100135.47;9.49;1;1;1;1
Sporadic-5;42094;-1.16;3.54;0.51;8.20;-12;-31;-47;5;85;31;100134.67;9.50;1;1;1;1
Sporadic-5;43122;-1.05;3.54;0.51;8.19;-12;-30;-47;8;80;32;100133.33;9.51;1;1;1;1
Sporadic-5;44151;-0.79;3.55;0.51;8.20;-12;-31;-45;8;78;32;100130.28;9.52;1;1;1;1
Sporadic-5;45180;-0.87;3.54;0.51;8.20;-11;-31;-46;13;85;41;100131.15;9.54;1;1;1;1
Sporadic-5;46210;-1.31;3.54;0.51;8.19;-11;-31;-46;10;80;38;100136.42;9.55;1;1;1;1
Sporadic-5;47239;-1.47;3.55;0.51;8.19;-11;-31;-47;11;77;37;100138.37;9.56;1;1;1;1
Sporadic-5;48271;-1.12;3.54;0.51;8.20;-12;-31;-46;8;90;34;100134.21;9.58;1;1;1;1
Sporadic-5;49300;-1.22;3.54;0.51;8.20;-12;-31;-47;11;87;27;100135.31;9.59;1;1;1;1
Sporadic-5;50329;-1.34;3.54;0.51;8.20;-11;-30;-46;11;87;27;100136.82;9.61;1;1;1;1
Sporadic-5;51358;-1.47;3.54;0.50;8.20;-12;-30;-46;4;84;26;100138.39;9.62;1;1;1;1
Sporadic-5;52387;-1.50;3.54;0.50;8.20;-11;-32;-46;15;87;39;100138.61;9.62;1;1;1;1
Sporadic-5;53416;-1.23;3.54;0.51;8.20;-11;-31;-46;17;85;37;100135.53;9.63;1;1;1;1
Sporadic-5;54449;-1.21;3.54;0.50;8.20;-13;-30;-45;8;78;28;100135.24;9.65;1;1;1;1
Sporadic-5;55477;-1.36;3.55;0.50;8.21;-13;-29;-46;7;87;27;100136.99;9.66;1;1;1;1
Sporadic-5;56506;-1.10;3.54;0.50;8.20;-12;-30;-47;3;87;29;100134.86;9.68;1;1;1;1
Sporadic-5;57535;-1.18;3.55;0.50;8.20;-12;-30;-46;12;76;34;100134.86;9.68;1;1;1;1
Sporadic-5;58564;-1.22;3.54;0.51;8.20;-11;-30;-46;12;86;36;100135.39;9.70;1;1;1;1
Sporadic-5;59593;-1.12;3.54;0.50;8.20;-12;-31;-45;8;86;32;100134.13;9.71;1;1;1;1
Sporadic-5;60625;-1.38;3.55;0.50;8.19;-12;-31;-45;11;81;27;100137.21;9.72;1;1;1;1
Sporadic-5;61655;-1.31;3.55;0.50;8.20;-12;-29;-46;5;87;25;100136.39;9.73;1;1;1;1
Sporadic-5;62684;-1.20;3.55;0.50;8.19;-12;-30;-47;10;84;32;100135.16;9.75;1;1;1;1
Sporadic-5;63713;-0.88;3.55;0.49;8.19;-11;-31;-46;-1;81;29;100131.27;9.75;1;1;1;1
Sporadic-5;64742;-1.20;3.56;0.50;8.19;-12;-29;-45;17;87;33;100135.16;9.78;1;1;1;1
Sporadic-5;235;-1.03;3.55;0.50;8.19;-12;-30;-46;11;87;25;100133.10;9.78;1;1;1;1
Sporadic-5;1266;-1.06;3.55;0.51;8.19;-11;-29;-45;8;84;28;100133.49;9.80;1;1;1;1
Sporadic-5;2295;-1.30;3.56;0.50;8.19;-11;-29;-46;11;83;31;100136.28;9.81;1;1;1;1
Sporadic-5;3324;-1.30;3.55;0.50;8.18;-13;-32;-46;14;86;22;100136.32;9.82;1;1;1;1
Sporadic-5;4354;-1.25;3.56;0.50;8.19;-12;-32;-46;6;90;32;100135.73;9.82;1;1;1;1
Sporadic-5;5383;-1.08;3.56;0.50;8.19;-12;-31;-46;8;92;32;100133.67;9.85;1;1;1;1
Sporadic-5;6412;-1.18;3.56;0.50;8.19;-11;-31;-47;6;86;22;100134.85;9.87;1;1;1;1
Sporadic-5;7440;-0.76;3.55;0.49;8.19;-12;-30;-46;14;72;24;100129.86;9.87;1;1;1;1
Sporadic-5;8488;-1.31;3.56;0.49;8.18;-11;-31;-47;10;84;34;100136.47;9.88;1;1;1;1
Sporadic-5;9517;-1.10;3.56;0.50;8.18;-10;-30;-46;5;81;27;100133.90;9.89;1;1;1;1
Sporadic-5;10546;-0.71;3.57;0.49;8.17;-12;-29;-45;11;79;33;100129.25;9.90;1;1;1;1
Sporadic-5;11575;-0.90;3.57;0.50;8.18;-11;-31;-45;12;78;26;100131.57;9.91;1;1;1;1
Sporadic-5;12604;-1.00;3.57;0.49;8.18;-11;-28;-46;10;94;34;100132.77;9.92;1;1;1;1
Sporadic-5;13636;-0.86;3.57;0.49;8.18;-11;-30;-47;3;89;29;100131.07;9.93;1;1;1;1
Sporadic-5;14667;-1.21;3.57;0.50;8.18;-12;-30;-45;5;91;33;100135.27;9.94;1;1;1;1
Sporadic-5;15696;-0.97;3.57;0.49;8.18;-11;-30;-47;5;85;31;100132.43;9.95;1;1;1;1
Sporadic-5;16726;-1.03;3.57;0.49;8.17;-12;-31;-47;13;79;37;100133.11;9.96;1;1;1;1
Sporadic-5;17755;-0.99;3.57;0.49;8.18;-11;-30;-46;9;81;33;100129.52;9.97;1;1;1;1
Sporadic-5;18784;-0.66;3.57;0.50;8.18;-12;-30;-47;6;88;30;100128.64;9.99;1;1;1;1
Sporadic-5;19813;-0.98;3.57;0.49;8.17;-11;-29;-46;17;83;35;100132.46;10.00;1;1;1;1
Sporadic-5;20845;-0.96;3.57;0.50;8.18;-12;-30;-47;8;80;38;100132.21;10.00;1;1;1;1
Sporadic-5;21874;-0.90;3.57;0.49;8.18;-12;-31;-47;13;85;35;100131.52;10.01;1;1;1;1
Sporadic-5;22903;-0.90;3.57;0.49;8.18;-11;-30;-46;10;88;24;100131.49;10.03;1;1;1;1
Sporadic-5;23932;-0.95;3.57;0.50;8.17;-11;-31;-46;11;81;37;100132.13;10.04;1;1;1;1
Sporadic-5;24962;-0.99;3.57;0.49;8.18;-13;-30;-47;10;78;26;100132.67;10.06;1;1;1;1
Sporadic-5;25990;-0.92;3.57;0.50;8.18;-12;-29;-47;6;80;28;100131.78;10.06;1;1;1;1
Sporadic-5;27022;-1.05;3.57;0.49;8.18;-12;-30;-46;4;90;26;100133.35;10.08;1;1;1;1
Sporadic-5;28051;-0.55;3.56;0.50;8.18;-12;-29;-47;8;84;24;100127.44;10.09;1;1;1;1
Sporadic-5;29080;-1.20;3.57;0.50;8.18;-12;-30;-44;11;83;33;100135.17;10.10;1;1;1;1
Sporadic-5;30109;-0.91;3.57;0.49;8.18;-12;-30;-46;14;80;30;100131.63;10.11;1;1;1;1
Sporadic-5;31138;-0.78;3.57;0.49;8.18;-11;-32;-46;11;85;33;100130.11;10.12;1;1;1;1
Sporadic-5;32167;-0.93;3.57;0.50;8.17;-12;-31;-46;11;81;29;100131.89;10.14;1;1;1;1
Sporadic-5;33200;-0.93;3.57;0.50;8.18;-11;-30;-47;16;86;34;100131.85;10.15;1;1;1;1
Sporadic-5;34229;-0.96;3.57;0.49;8.18;-13;-31;-47;1;83;29;100132.32;10.16;1;1;1;1
Sporadic-5;35258;-0.83;3.57;0.49;8.18;-12;-27;-46;6;80;28;100130.71;10.17;1;1;1;1
Sporadic-5;36287;-0.85;3.57;0.49;8.17;-12;-31;-46;11;83;31;100130.89;10.19;1;1;1;1
Sporadic-5;37316;-1.07;3.57;0.49;8.18;-12;-30;-46;12;80;34;100133.42;10.20;1;1;1;1
Sporadic-5;38345;-0.91;3.57;0.49;8.18;-12;-30;-46;12;86;30;100131.64;10.21;1;1;1;1
Sporadic-5;39377;-0.59;3.57;0.48;8.17;-11;-31;-46;13;83;29;100127.92;10.22;1;1;1;1
Sporadic-5;40407;-0.92;3.57;0.49;8.17;-12;-31;-45;11;77;23;100131.77;10.23;1;1;1;1
Sporadic-5;41436;-1.00;3.57;0.49;8.18;-13;-32;-47;6;80;36;100132.80;10.25;1;1;1;1
Sporadic-5;42465;-1.05;3.58;0.49;8.18;-12;-30;-46;6;76;36;100133.39;10.25;1;1;1;1
Sporadic-5;43494;-1.07;3.58;0.49;8.18;-12;-29;-46;15;85;31;100133.55;10.26;1;1;1;1
Sporadic-5;44523;-0.89;3.56;0.50;8.17;-13;-30;-44;8;80;32;100131.40;10.28;1;1;1;1
Sporadic-5;45552;-0.95;3.57;0.49;8.17;-13;-31;-47;7;85;31;100132.09;10.29;1;1;1;1
Sporadic-5;46578;-0.96;3.57;0.49;8.18;-11;-30;-45;9;87;31;100132.25;10.30;1;1;1;1
Sporadic-5;47607;-0.94;3.58;0.49;8.17;-11;-30;-45;17;87;27;100131.97;10.30;1;1;1;1
Sporadic-5;48636;-1.13;3.57;0.49;8.18;-11;-31;-46;8;84;32;100134.24;10.32;1;1;1;1
Sporadic-5;49666;-0.95;3.57;0.49;8.17;-12;-30;-47;10;86;30;100132.16;10.33;1;1;1;1
Sporadic-5;50695;-1.08;3.57;0.49;8.18;-12;-31;-48;12;86;22;100133.65;10.34;1;1;1;1
Sporadic-5;51724;-0.95;3.57;0.49;8.18;-13;-31;-46;15;77;37;100132.18;10.35;1;1;1;1
Sporadic-5;52756;-0.80;3.57;0.49;8.18;-11;-32;-46;1;85;27;100130.35;10.36;1;1;1;1
Sporadic-5;53785;-0.92;3.57;0.49;8.18;-11;-30;-46;7;83;39;100131.75;10.38;1;1;1;1
Sporadic-5;54814;-0.87;3.57;0.49;8.20;-12;-30;-47;5;81;35;100131.77;10.38;1;1;1;1
Sporadic-5;55843;-0.90;3.57;0.49;8.17;-12;-29;-46;8;90;34;100131.55;10.40;1;1;1;1
Sporadic-5;56872;-0.86;3.57;0.49;8.17;-11;-30;-46;4;88;20;100131.13;10.40;1;1;1;1
Sporadic-5;57902;-1.20;3.57;0.49;8.17;-12;-30;-46;9;83;23;100135.17;10.41;1;1;1;1
Sporadic-5;58934;-0.92;3.57;0.49;8.17;-12;-31;-47;9;83;33;100131.83;10.42;1;1;1;1
Sporadic-5;59963;-0.89;3.57;0.49;8.17;-11;-31;-47;13;89;31;100131.42;10.44;1;1;1;1
Sporadic-5;60991;-0.96;3.57;0.49;8.18;-12;-30;-47;2;74;24;100132.23;10.44;1;1;1;1
Sporadic-5;62020;-0.99;3.58;0.49;8.17;-12;-30;-47;5;79;27;100132.65;10.46;1;1;1;1
Sporadic-5;63049;-1.10;3.57;0.49;8.18;-12;-30;-47;12;86;32;100133.88;10.46;1;1;1;1
Sporadic-5;64078;-1.09;3.58;0.49;8.17;-12;-31;-45;6;80;32;100133.78;10.48;1;1;1;1
Sporadic-5;65119;-1.10;3.57;0.49;8.17;-12;-31;-48;7;79;29;100133.89;10.50;1;1;1;1
Sporadic-5;612;-1.09;3.57;0.49;8.16;-13;-31;-46;9;85;31;100133.85;10.51;1;1;1;1
Sporadic-5;1641;-0.87;3.57;0.48;8.17;-12;-32;-46;9;85;25;100131.25;10.51;1;1;1;1
Sporadic-5;2670;-1.11;3.57;0.49;8.17;-12;-32;-47;5;87;33;100134.03;10.53;1;1;1;1
Sporadic-5;3699;-1.04;3.58;0.48;8.17;-12;-30;-46;4;82;26;100133.17;10.54;1;1;1;1
Sporadic-5;4727;-1.10;3.57;0.48;8.16;-12;-29;-48;10;80;28;100133.89;10.54;1;1;1;1
Sporadic-5;5760;-1.12;3.57;0.48;8.16;-12;-29;-46;15;89;29;100134.13;10.56;1;1;1;1
Sporadic-5;6789;-1.15;3.57;0.48;8.17;-11;-30;-47;2;86;32;100134.52;10.58;1;1;1;1
Sporadic-5;7818;-1.08;3.57;0.48;8.17;-12;-31;-47;8;80;24;100133.64;10.59;1;1;1;1
Sporadic-5;8847;-1.18;3.57;0.49;8.18;-12;-31;-47;5;85;31;100134.86;10.60;1;1;1;1
Sporadic-5;9876;-0.96;3.57;0.48;8.16;-13;-31;-48;8;76;28;100132.32;10.61;1;1;1;1
Sporadic-5;10905;-1.15;3.57;0.49;8.18;-11;-31;-45;16;86;32;100134.52;10.62;1;1;1;1
Sporadic-5;11939;-1.04;3.57;0.49;8.17;-12;-32;-48;9;89;31;100133.22;10.63;1;1;1;1
Sporadic-5;12968;-0.83;3.57;0.49;8.17;-12;-31;-47;7;83;35;100130.67;10.64;1;1;1;1
Sporadic-5;13998;-0.80;3.57;0.49;8.17;-13;-30;-46;5;83;27;100130.29;10.64;1;1;1;1
Sporadic-5;15027;-1.02;3.57;0.49;8.17;-11;-31;-48;8;88;28;100132.96;10.65;1;1;1;1
Sporadic-5;16056;-1.08;3.57;0.49;8.18;-12;-30;-46;7;83;31;100133.63;10.66;1;1;1;1
Sporadic-5;17085;-1.27;3.57;0.49;8.18;-12;-31;-44;10;82;30;100136.00;10.68;1;1;1;1
Sporadic-5;18114;-1.59;3.57;0.48;8.17;-12;-31;-47;4;80;28;100139.74;10.69;1;1;1;1
Sporadic-5;19146;-1.41;3.57;0.48;8.18;-11;-30;-48;2;84;32;100137.61;10.70;1;1;1;1
Sporadic-5;20175;-1.00;3.57;0.48;8.17;-13;-30;-47;7;85;35;100132.74;10.72;1;1;1;1
Sporadic-5;21203;-0.73;3.57;0.48;8.18;-12;-31;-46;8;84;30;100129.57;10.72;1;1;1;1
Sporadic-5;22233;-1.04;3.57;0.49;8.17;-11;-31;-48;11;87;23;100133.16;10.72;1;1;1;1
Sporadic-5;23262;-0.59;3.57;0.48;8.17;-12;-31;-46;13;81;27;100127.85;10.73;1;1;1;1
Sporadic-5;24291;-0.71;3.56;0.48;8.17;-11;-30;-47;5;79;31;100129.65;10.75;1;1;1;1
Sporadic-5;25323;-1.04;3.58;0.50;8.17;-15;-34;-47;8;78;30;100134.94;10.76;1;1;1;1
Sporadic-5;26352;-0.50;3.60;0.50;8.15;-12;-20;-44;5;85;31;100126.74;10.77;1;1;1;1
Sporadic-5;27381;-0.91;3.60;0.48;8.16;-13;-30;-46;5;81;31;100131.69;10.75;1;1;1;1
Sporadic-5;28410;-0.79;3.60;0.48;8.16;-13;-32;-46;9;83;19;100130.28;10.77;1;1;1;1
Sporadic-5;29440;-0.67;3.60;0.48;8.15;-11;-32;-47;5;85;31;100128.85;10.78;1;1;1;1
Sporadic-5;30469;-0.82;3.59;0.48;8.16;-12;-32;-46;4;86;28;100130.55;10.79;1;1;1;1
Sporadic-5;31501;-0.94;3.59;0.48;8.16;-13;-30;-46;10;90;30;100131.97;10.79;1;1;1;1
Sporadic-5;32530;-0.66;3.60;0.47;8.15;-13;-30;-46;7;83;31;100128.67;10.81;1;1;1;1
Sporadic-5;33559;-0.69;3.60;0.48;8.17;-13;-31;-47;16;82;30;100129.10;10.81;1;1;1;1
Sporadic-5;34588;-0.89;3.60;0.48;8.15;-12;-31;-46;13;81;25;100131.47;10.83;1;1;1;1
Sporadic-5;35617;-0.63;3.60;0.48;8.16;-13;-30;-47;7;89;31;100128.38;10.83;1;1;1;1
Sporadic-5;36646;-0.77;3.60;0.48;8.16;-12;-31;-46;3;91;35;100129.95;10.85;1;1;1;1
Sporadic-5;37678;-0.77;3.60;0.48;8.15;-13;-31;-47;4;80;24;100129.94;10.86;1;1;1;1
Sporadic-5;38707;-0.55;3.60;0.48;8.16;-12;-31;-45;13;87;31;100127.41;10.87;1;1;1;1
Sporadic-5;39736;-0.39;3.59;0.48;8.15;-12;-32;-48;6;90;28;100125.42;10.89;1;1;1;1
Sporadic-5;40765;-0.51;3.60;0.48;8.15;-12;-31;-46;13;79;25;100129.94;10.89;1;1;1;1
Sporadic-5;41794;-0.58;3.60;0.48;8.16;-13;-30;-46;2;90;34;100127.74;10.90;1;1;1;1
Sporadic-5;42823;-0.85;3.60;0.48;8.16;-13;-32;-47;10;86;28;100130.96;10.92;1;1;1;1
Sporadic-5;43855;-0.50;3.60;0.48;8.16;-10;-31;-46;5;87;29;100126.85;10.93;1;1;1;1
Sporadic-5;44884;-0.26;3.60;0.48;8.15;-12;-31;-47;11;89;23;100123.92;10.95;1;1;1;1
Sporadic-5;45914;-0.52;3.59;0.48;8.15;-12;-30;-46;8;86;20;100127.05;10.95;1;1;1;1
Sporadic-5;46943;-0.89;3.59;0.47;8.15;-12;-29;-45;9;83;31;100131.36;10.96;1;1;1;1
Sporadic-5;47972;-0.73;3.59;0.48;8.16;-12;-31;-46;-2;88;30;100129.47;10.97;1;1;1;1
Sporadic-5;49001;-0.88;3.59;0.48;8.15;-13;-32;-46;4;86;28;100131.33;10.98;1;1;1;1
Sporadic-5;50033;-0.74;3.60;0.48;8.15;-13;-31;-46;10;90;30;100129.63;10.99;1;1;1;1
Sporadic-5;51062;-0.91;3.59;0.47;8.15;-12;-31;-47;12;86;34;100131.63;11.00;1;1;1;1
Sporadic-5;52091;-0.71;3.60;0.48;8.14;-13;-32;-48;8;88;28;100129.30;11.01;1;1;1;1
Sporadic-5;53121;-0.77;3.59;0.48;8.15;-12;-31;-45;5;87;33;100130.02;11.02;1;1;1;1
Sporadic-5;54150;-0.72;3.59;0.48;8.14;-13;-32;-47;10;80;28;100129.42;11.03;1;1;1;1
Sporadic-5;55178;-0.48;3.60;0.47;8.15;-13;-32;-46;1;85;25;100126.55;11.03;1;1;1;1
Sporadic-5;56210;-0.30;3.60;0.48;8.15;-14;-31;-46;13;81;25;100124.38;11.05;1;1;1;1
Sporadic-5;57239;-0.48;3.59;0.48;8.15;-12;-31;-47;3;83;29;100126.54;11.06;1;1;1;1
Sporadic-5;58268;-0.22;3.60;0.48;8.15;-13;-33;-47;1;85;23;100123.49;11.07;1;1;1;1
Sporadic-5;59297;-0.02;3.60;0.48;8.15;-13;-32;-46;14;82;28;100121.07;11.06;1;1;1;1
Sporadic-5;60334;-0.47;3.59;0.48;8.15;-13;-31;-48;14;86;28;100126.41;11.08;1;1;1;1
Sporadic-5;61363;-0.28;3.60;0.48;8.16;-13;-31;-47;10;84;32;100124.15;11.10;1;1;1;1
Sporadic-5;62392;-0.45;3.60;0.47;8.16;-12;-30;-46;11;81;23;100126.23;11.10;1;1;1;1
Sporadic-5;63419;-0.91;3.60;0.48;8.15;-12;-31;-46;16;90;22;100131.65;11.12;1;1;1;1
Sporadic-5;64448;-0.96;3.60;0.48;8.14;-11;-30;-47;5;83;29;100132.28;11.12;1;1;1;1
Sporadic-5;65477;-0.87;3.60;0.48;8.16;-13;-32;-46;1;83;27;100131.25;11.13;1;1;1;1
Sporadic-5;970;-0.98;3.59;0.48;8.15;-13;-34;-46;6;82;26;100132.49;11.15;1;1;1;1
Sporadic-5;1998;-0.81;3.59;0.48;8.14;-14;-29;-46;10;84;32;100130.46;11.15;1;1;1;1
Sporadic-5;3027;-0.62;3.60;0.48;8.14;-11;-31;-45;11;87;31;100128.17;11.16;1;1;1;1
Sporadic-5;4060;-0.74;3.60;0.48;8.16;-12;-31;-46;5;83;33;100129.60;11.17;1;1;1;1
Sporadic-5;5089;-0.69;3.60;0.48;8.15;-12;-32;-47;10;90;30;100129.05;11.18;1;1;1;1
Sporadic-5;6118;-0.79;3.60;0.48;8.16;-12;-34;-48;9;87;23;100130.74;11.19;1;1;1;1
Sporadic-5;7147;-0.73;3.59;0.47;8.14;-14;-29;-46;8;88;24;100129.48;11.20;1;1;1;1
Sporadic-5;8176;-0.48;3.60;0.48;8.15;-12;-30;-45;10;76;40;100126.59;11.21;1;1;1;1
Sporadic-5;9204;-0.52;3.60;0.47;8.15;-15;-31;-46;12;86;28;100127.05;11.22;1;1;1;1
Sporadic-5;10236;-0.11;3.59;0.46;8.16;-15;1;-44;7;81;21;100122.14;11.21;1;1;1;1
Sporadic-5;11269;-0.71;3.61;0.47;8.14;-12;-31;-47;5;81;29;100129.30;11.21;1;1;1;1
Sporadic-5;12298;-0.85;3.61;0.47;8.14;-12;-29;-46;7;81;27;100130.95;11.23;1;1;1;1
Sporadic-5;13327;-0.66;3.61;0.47;8.14;-12;-30;-47;11;77;29;100128.74;11.24;1;1;1;1
Sporadic-5;14355;-0.74;3.61;0.46;8.14;-12;-29;-47;14;82;30;100129.64;11.24;1;1;1;1
Sporadic-5;15384;-0.86;3.62;0.47;8.15;-11;-32;-45;2;88;38;100131.10;11.26;1;1;1;1
Sporadic-5;16416;-0.54;3.61;0.47;8.15;-12;-31;-46;8;86;24;100127.22;11.26;1;1;1;1
Sporadic-5;17445;-0.71;3.60;0.47;8.15;-13;-30;-46;2;86;28;100129.32;11.28;1;1;1;1
Sporadic-5;18475;-0.53;3.61;0.47;8.13;-11;-33;-46;17;95;29;100127.12;11.29;1;1;1;1
Sporadic-5;19504;-0.74;3.61;0.48;8.14;-12;-29;-46;11;83;23;100129.61;11.30;1;1;1;1
Sporadic-5;20533;-0.62;3.61;0.48;8.14;-12;-32;-47;6;78;24;100128.14;11.30;1;1;1;1
Sporadic-5;21562;-0.86;3.61;0.48;8.14;-13;-32;-47;14;72;26;100131.05;11.32;1;1;1;1
Sporadic-5;22594;-1.13;3.61;0.47;8.13;-12;-30;-46;6;88;34;100134.27;11.32;1;1;1;1
Sporadic-5;23623;-0.71;3.62;0.47;8.14;-13;-28;-47;12;86;32;100129.25;11.33;1;1;1;1
Sporadic-5;24652;-0.80;3.61;0.48;8.14;-12;-32;-47;9;81;29;100130.33;11.34;1;1;1;1
Sporadic-5;25681;-0.77;3.61;0.47;8.14;-13;-29;-48;9;81;29;100129.95;11.35;1;1;1;1
Sporadic-5;26711;-1.26;3.62;0.47;8.14;-12;-33;-46;-1;81;29;100135.78;11.35;1;1;1;1
Sporadic-5;27740;-0.51;3.62;0.47;8.13;-12;-26;-47;7;83;37;100126.93;11.36;1;1;1;1
Sporadic-5;28772;-0.75;3.61;0.48;8.14;-12;-30;-46;6;86;28;100129.76;11.37;1;1;1;1
Sporadic-5;29801;-0.89;3.61;0.47;8.14;-12;-32;-46;12;88;26;100131.45;11.38;1;1;1;1
Sporadic-5;30830;-0.75;3.61;0.47;8.13;-12;-34;-47;10;90;28;100129.69;11.39;1;1;1;1
Sporadic-5;31859;-0.71;3.61;0.48;8.13;-12;-31;-46;10;78;30;100129.25;11.39;1;1;1;1
Sporadic-5;32888;-0.47;3.62;0.47;8.14;-15;-24;-48;5;91;31;100126.45;11.41;1;1;1;1
Sporadic-5;33917;-0.67;3.61;0.47;8.14;-11;-31;-47;12;88;32;100128.86;11.42;1;1;1;1
Sporadic-5;34950;-0.75;3.61;0.47;8.14;-13;-31;-45;6;86;24;100129.75;11.43;1;1;1;1
Sporadic-5;35979;-0.98;3.62;0.47;8.14;-11;-29;-47;5;83;31;100133.25;11.45;1;1;1;1
Sporadic-5;37008;-0.73;3.61;0.47;8.14;-12;-31;-47;4;84;18;100129.48;11.45;1;1;1;1
Sporadic-5;38037;-0.85;3.61;0.48;8.13;-12;-32;-46;15;87;29;100130.92;11.46;1;1;1;1
Sporadic-5;39066;-0.83;3.62;0.47;8.13;-12;-30;-47;4;88;24;100130.71;11.47;1;1;1;1
Sporadic-5;40095;-1.07;3.61;0.46;8.13;-13;-31;-46;15;89;27;100133.55;11.48;1;1;1;1
Sporadic-5;41124;-1.06;3.61;0.47;8.13;-12;-30;-46;10;80;36;100133.46;11.48;1;1;1;1
Sporadic-5;42158;-1.05;3.61;0.46;8.13;-12;-32;-45;7;87;25;100133.28;11.49;1;1;1;1
Sporadic-5;43187;-1.16;3.61;0.46;8.12;-12;-32;-47;7;89;23;100134.64;11.51;1;1;1;1
Sporadic-5;44215;-1.01;3.62;0.47;8.14;-13;-30;-46;12;78;30;100132.89;11.51;1;1;1;1
Sporadic-5;45244;-1.13;3.62;0.47;8.12;-13;-32;-46;10;86;30;100134.28;11.53;1;1;1;1
Sporadic-5;46273;-0.82;3.62;0.47;8.14;-12;-32;-46;13;85;21;100130.61;11.53;1;1;1;1
Sporadic-5;47302;-1.04;3.61;0.47;8.14;-12;-31;-45;4;82;28;100133.27;11.54;1;1;1;1
Sporadic-5;48334;-1.13;3.62;0.47;8.14;-12;-29;-47;7;83;27;100134.24;11.55;1;1;1;1
Sporadic-5;49363;-1.18;3.61;0.47;8.14;-12;-32;-48;2;86;28;100134.87;11.56;1;1;1;1
Sporadic-5;50393;-0.99;3.61;0.47;8.13;-12;-30;-46;2;78;24;100131.57;11.56;1;1;1;1
Sporadic-5;51422;-1.06;3.62;0.47;8.13;-13;-32;-47;11;89;31;100133.52;11.57;1;1;1;1
Sporadic-5;52451;-0.87;3.61;0.47;8.14;-12;-32;-46;12;88;24;100131.14;11.58;1;1;1;1
Sporadic-5;53480;-0.79;3.61;0.47;8.13;-12;-31;-46;10;84;28;100130.28;11.59;1;1;1;1
Sporadic-5;54512;-0.95;3.61;0.47;8.13;-13;-30;-46;8;88;28;100132.19;11.59;1;1;1;1
Sporadic-5;55545;-0.80;3.62;0.47;8.13;-13;-32;-46;11;85;27;100130.40;11.60;1;1;1;1
Sporadic-5;56574;-0.75;3.61;0.47;8.14;-12;-32;-47;3;87;31;100129.77;11.60;1;1;1;1
Sporadic-5;57604;-0.51;3.61;0.46;8.13;-12;-32;-47;15;83;29;100126.86;11.61;1;1;1;1
Sporadic-5;58633;-0.66;3.61;0.47;8.13;-12;-31;-45;12;86;24;100128.63;11.62;1;1;1;1
Sporadic-5;59662;-0.40;3.61;0.47;8.13;-12;-32;-46;8;88;26;100125.61;11.63;1;1;1;1
Sporadic-5;60694;-0.51;3.62;0.47;8.14;-13;-31;-45;9;85;23;100126.92;11.64;1;1;1;1
Sporadic-5;61723;-0.66;3.61;0.47;8.13;-13;-31;-47;9;87;37;100128.69;11.64;1;1;1;1
Sporadic-5;62752;-0.73;3.61;0.47;8.14;-13;-32;-46;7;81;23;100129.50;11.65;1;1;1;1
Sporadic-5;63781;-0.83;3.61;0.47;8.13;-12;-30;-46;11;95;17;100130.77;11.66;1;1;1;1
Sporadic-5;64809;-0.62;3.61;0.46;8.13;-13;-32;-46;8;86;28;100127.42;11.67;1;1;1;1
Sporadic-5;303;-0.62;3.61;0.47;8.14;-12;-31;-46;10;84;24;100128.21;11.68;1;1;1;1
Sporadic-5;1335;-0.28;3.62;0.47;8.12;-12;-31;-46;6;80;32;100124.19;11.69;1;1;1;1
Sporadic-5;2364;-0.28;3.61;0.47;8.13;-12;-30;-46;7;87;29;100124.19;11.68;1;1;1;1
Sporadic-5;3393;-0.56;3.61;0.47;8.14;-13;-32;-47;4;80;26;100127.53;11.69;1;1;1;1
Sporadic-5;4422;-0.75;3.61;0.47;8.13;-12;-31;-47;6;80;28;100129.69;11.70;1;1;1;1
Sporadic-5;5451;-0.62;3.61;0.47;8.13;-12;-31;-46;5;85;23;100128.25;11.71;1;1;1;1
Sporadic-5;6479;-0.75;3.61;0.47;8.14;-13;-31;-46;8;88;32;100129.81;11.72;1;1;1;1
Sporadic-5;7512;-0.31;3.61;0.46;8.13;-13;-31;-46;15;87;29;100124.60;11.73;1;1;1;1
Sporadic-5;8541;-0.62;3.62;0.46;8.12;-14;-30;-46;11;87;29;100128.19;11.74;1;1;1;1
Sporadic-5;9573;-0.34;3.61;0.47;8.13;-13;-32;-46;6;88;24;100124.88;11.75;1;1;1;1
Sporadic-5;10601;-0.39;3.62;0.47;8.13;-12;-32;-45;12;92;18;100125.52;11.76;1;1;1;1
Sporadic-5;11630;-0.29;3.61;0.47;8.13;-13;-31;-45;15;93;23;100124.29;11.77;1;1;1;1
Sporadic-5;12659;-0.39;3.61;0.47;8.13;-13;-31;-47;4;84;24;100125.51;11.78;1;1;1;1
Sporadic-5;13688;-0.63;3.61;0.47;8.14;-13;-31;-46;2;90;28;100128.30;11.78;1;1;1;1
Sporadic-5;14721;-0.45;3.62;0.47;8.14;-13;-30;-46;8;78;30;100126.22;11.78;1;1;1;1
Sporadic-5;15750;-0.01;3.61;0.47;8.13;-12;-32;-46;9;85;27;100121.00;11.79;1;1;1;1
Sporadic-5;16779;-0.42;3.61;0.47;8.13;-13;-32;-46;6;88;22;100125.83;11.80;1;1;1;1
Sporadic-5;17808;-0.39;3.62;0.47;8.13;-13;-31;-47;4;86;22;100125.50;11.81;1;1;1;1
Sporadic-5;18837;-0.40;3.61;0.47;8.13;-12;-31;-46;7;85;35;100125.57;11.82;1;1;1;1
Sporadic-5;19871;-0.39;3.61;0.47;8.12;-13;-32;-47;8;90;26;100125.53;11.82;1;1;1;1
Sporadic-5;20903;-0.33;3.61;0.46;8.13;-13;-31;-45;8;86;22;100124.80;11.83;1;1;1;1
Sporadic-5;21933;-0.44;3.61;0.46;8.13;-12;-33;-45;9;93;21;100126.07;11.84;1;1;1;1
Sporadic-5;22962;-0.60;3.61;0.47;8.13;-11;-31;-47;4;90;28;100127.95;11.84;1;1;1;1
Sporadic-5;23991;-0.26;3.62;0.47;8.14;-12;-30;-46;8;80;28;100123.88;11.84;1;1;1;1
Sporadic-5;25020;-0.45;3.61;0.47;8.14;-14;-31;-46;12;80;26;100126.19;11.86;1;1;1;1
Sporadic-5;26049;-0.26;3.61;0.47;8.14;-13;-31;-46;7;83;27;100123.97;11.87;1;1;1;1
Sporadic-5;27081;-0.70;3.61;0.46;8.13;-13;-33;-46;6;84;22;100129.14;11.88;1;1;1;1
Sporadic-5;28110;-0.57;3.61;0.48;8.13;-13;-31;-47;6;80;26;100127.66;11.88;1;1;1;1
Sporadic-5;29139;-0.51;3.62;0.47;8.13;-14;-31;-47;8;86;22;100126.91;11.89;1;1;1;1
Sporadic-5;30168;-0.30;3.62;0.47;8.13;-12;-32;-47;10;80;28;100124.39;11.90;1;1;1;1
Sporadic-5;31197;-0.69;3.61;0.47;8.13;-12;-33;-46;5;93;27;100129.08;11.91;1;1;1;1
Sporadic-5;32226;-0.27;3.61;0.47;8.14;-13;-31;-47;7;85;35;100124.08;11.91;1;1;1;1
Sporadic-5;33258;-0.21;3.61;0.47;8.13;-13;-30;-46;13;83;23;100123.28;11.92;1;1;1;1
Sporadic-5;34287;-0.40;3.61;0.47;8.12;-13;-31;-47;6;86;26;100125.66;11.93;1;1;1;1
Sporadic-5;35316;-0.50;3.61;0.47;8.13;-14;-31;-47;8;84;28;100126.75;11.94;1;1;1;1
Sporadic-5;36345;-0.28;3.62;0.47;8.13;-11;-33;-46;2;82;26;100124.16;11.94;1;1;1;1
Sporadic-5;37374;-0.36;3.61;0.47;8.13;-14;-32;-47;2;80;20;100125.12;11.95;1;1;1;1
Sporadic-5;38404;-0.55;3.62;0.46;8.13;-13;-31;-47;9;87;21;100127.38;11.96;1;1;1;1
Sporadic-5;39436;-0.25;3.61;0.47;8.13;-13;-32;-47;6;84;24;100123.77;11.96;1;1;1;1
Sporadic-5;40465;-0.17;3.62;0.47;8.13;-13;-31;-46;6;84;28;100122.82;11.97;1;1;1;1
Sporadic-5;41494;-0.50;3.61;0.47;8.14;-12;-32;-46;6;90;30;100124.44;11.98;1;1;1;1
Sporadic-5;42523;-0.43;3.61;0.47;8.12;-12;-31;-45;6;80;28;100125.96;11.99;1;1;1;1
Sporadic-5;43552;-0.40;3.62;0.46;8.13;-13;-32;-47;9;87;33;100125.57;12.00;1;1;1;1
Sporadic-5;44580;-0.57;3.62;0.47;8.13;-13;-31;-46;8;82;28;100127.57;11.99;1;1;1;1
Sporadic-5;45613;-0.45;3.61;0.47;8.13;-12;-32;-48;1;83;23;100126.21;12.00;1;1;1;1
Sporadic-5;46642;-0.49;3.61;0.46;8.12;-13;-31;-47;14;88;22;100126.70;12.01;1;1;1;1
Sporadic-5;47671;-0.59;3.62;0.46;8.13;-13;-31;-47;1;89;25;100127.85;12.02;1;1;1;1
Sporadic-5;48700;-0.46;3.61;0.47;8.12;-12;-31;-46;10;76;24;100126.32;12.02;1;1;1;1
Sporadic-5;49733;-0.46;3.62;0.46;8.12;-13;-34;-46;5;91;25;100126.35;12.03;1;1;1;1
Sporadic-5;50762;-0.33;3.61;0.47;8.13;-13;-30;-46;15;79;25;100124.74;12.04;1;1;1;1
Sporadic-5;51794;-0.15;3.61;0.46;8.12;-13;-32;-45;12;84;28;100122.61;12.05;1;1;1;1
Sporadic-5;52824;-0.17;3.62;0.47;8.13;-12;-32;-47;11;87;25;100122.90;12.06;1;1;1;1
Sporadic-5;53853;0.17;3.61;0.46;8.13;-12;-32;-48;5;87;19;100118.75;12.06;1;1;1;1
Sporadic-5;54882;-0.27;3.61;0.47;8.12;-13;-33;-46;6;86;24;100124.05;12.07;1;1;1;1
Sporadic-5;55911;-0.13;3.61;0.47;8.14;-14;-31;-47;5;85;25;100122.44;12.07;1;1;1;1
Sporadic-5;56940;-0.60;3.61;0.46;8.12;-13;-31;-46;12;82;32;100127.99;12.08;1;1;1;1
Sporadic-5;57969;-0.64;3.61;0.46;8.11;-13;-32;-47;0;82;28;100128.48;12.09;1;1;1;1
Sporadic-5;59001;-0.47;3.61;0.47;8.12;-13;-32;-47;12;84;26;100126.39;12.10;1;1;1;1
Sporadic-5;60030;-0.30;3.62;0.46;8.13;-13;-32;-46;10;84;22;100124.44;12.10;1;1;1;1
Sporadic-5;61060;-0.19;3.61;0.47;8.12;-13;-32;-46;17;93;19;100123.13;12.12;1;1;1;1
Sporadic-5;62089;-0.31;3.62;0.47;8.13;-13;-32;-47;10;90;30;100124.57;12.13;1;1;1;1
Sporadic-5;63118;-0.39;3.61;0.47;8.12;-13;-31;-46;5;89;31;100125.49;12.13;1;1;1;1
Sporadic-5;64147;-0.55;3.61;0.47;8.12;-13;-32;-47;6;84;26;100127.35;12.14;1;1;1;1
Sporadic-5;65179;-0.32;3.61;0.46;8.12;-12;-31;-46;12;80;22;100124.67;12.15;1;1;1;1
Sporadic-5;672;-0.17;3.61;0.46;8.12;-13;-32;-47;-3;83;29;100122.86;12.15;1;1;1;1
Sporadic-5;1700;-0.03;3.62;0.46;8.13;-12;-31;-46;13;85;25;100121.19;12.17;1;1;1;1
Sporadic-5;2729;0.01;3.61;0.46;8.13;-12;-33;-47;11;77;33;100120.42;12.17;1;1;1;1
Sporadic-5;3759;-0.13;3.61;0.46;8.12;-13;-31;-45;11;93;37;100122.41;12.18;1;1;1;1
Sporadic-5;4788;-0.23;3.61;0.47;8.12;-13;-32;-46;16;86;30;100123.55;12.19;1;1;1;1
Sporadic-5;5820;-0.25;3.61;0.46;8.13;-13;-33;-46;1;83;21;100123.80;12.19;1;1;1;1
Sporadic-5;6849;0.09;3.61;0.47;8.13;-12;-31;-47;8;90;22;100119.77;12.20;1;1;1;1
Sporadic-5;7880;0.03;3.61;0.47;8.12;-12;-31;-48;9;85;25;100120.49;12.21;1;1;1;1
Sporadic-5;8909;0.03;3.60;0.46;8.12;-13;-33;-46;10;90;28;100120.49;12.21;1;1;1;1
Sporadic-5;9938;-0.15;3.60;0.47;8.12;-13;-31;-47;11;81;29;100122.67;12.22;1;1;1;1
Sporadic-5;10968;0.04;3.61;0.46;8.13;-13;-31;-48;12;82;24;100120.30;12.22;1;1;1;1
Sporadic-5;12000;-0.15;3.61;0.46;8.13;-14;-32;-45;3;87;27;100122.67;12.23;1;1;1;1
Sporadic-5;13029;0.17;3.61;0.47;8.13;-13;-32;-47;7;89;23;100118.77;12.23;1;1;1;1
Sporadic-5;14062;-0.16;3.61;0.47;8.12;-13;-31;-46;8;82;40;100122.75;12.25;1;1;1;1
Sporadic-5;15091;0.04;3.62;0.47;8.13;-13;-32;-46;10;84;28;100120.38;12.25;1;1;1;1
Sporadic-5;16120;-0.14;3.61;0.46;8.12;-13;-31;-46;-1;87;27;100122.49;12.26;1;1;1;1
Sporadic-5;17149;0.19;3.61;0.46;8.14;-12;-32;-46;5;81;23;100118.54;12.27;1;1;1;1
Sporadic-5;18181;0.08;3.61;0.46;8.13;-12;-32;-48;1;87;29;100119.94;12.27;1;1;1;1
Sporadic-5;19210;-0.31;3.61;0.47;8.12;-14;-31;-47;10;84;30;100124.51;12.28;1;1;1;1
Sporadic-5;20239;-0.45;3.62;0.47;8.12;-14;-32;-45;6;82;26;100126.15;12.29;1;1;1;1
Sporadic-5;21268;-0.06;3.61;0.47;8.12;-13;-30;-46;13;85;19;100121.58;12.29;1;1;1;1
Sporadic-5;22297;-0.19;3.61;0.47;8.12;-12;-30;-47;4;84;32;100123.10;12.30;1;1;1;1
Sporadic-5;23326;0.17;3.61;0.47;8.12;-14;-31;-46;10;90;28;100118.85;12.30;1;1;1;1
Sporadic-5;24355;-0.20;3.61;0.46;8.13;-11;-30;-46;14;82;24;100123.27;12.31;1;1;1;1
Sporadic-5;25382;-0.01;3.61;0.46;8.13;-13;-31;-46;6;88;20;100120.91;12.32;1;1;1;1
Sporadic-5;26412;-0.15;3.61;0.46;8.12;-14;-30;-46;10;80;32;100122.64;12.33;1;1;1;1
Sporadic-5;27441;-0.14;3.61;0.46;8.13;-13;-32;-47;8;86;24;100122.52;12.33;1;1;1;1
Sporadic-5;28470;0.01;3.61;0.46;8.11;-13;-33;-46;2;84;22;100122.94;12.34;1;1;1;1
Sporadic-5;29499;0.05;3.61;0.46;8.13;-12;-31;-47;13;83;29;100120.28;12.34;1;1;1;1
Sporadic-5;30528;0.02;3.61;0.46;8.12;-13;-31;-46;11;83;29;100120.61;12.35;1;1;1;1
Sporadic-5;31559;-0.25;3.61;0.46;8.12;-14;-31;-47;13;85;29;100123.85;12.36;1;1;1;1
Sporadic-5;32588;0.02;3.61;0.46;8.13;-14;-32;-47;2;94;26;100120.59;12.36;1;1;1;1
Sporadic-5;33617;0.11;3.61;0.46;8.11;-14;-30;-46;6;88;22;100119.56;12.37;1;1;1;1
Sporadic-5;34647;-0.04;3.61;0.46;8.12;-13;-31;-46;0;92;24;100121.27;12.39;1;1;1;1
Sporadic-5;35676;0.08;3.61;0.46;8.12;-12;-32;-48;14;84;28;100119.83;12.38;1;1;1;1
Sporadic-5;36705;0.24;3.61;0.46;8.13;-13;-31;-46;8;92;24;100117.96;12.38;1;1;1;1
Sporadic-5;37737;0.50;3.61;0.46;8.12;-14;-32;-46;11;81;27;100114.94;12.39;1;1;1;1
Sporadic-5;38766;-0.04;3.61;0.46;8.12;-13;-31;-46;8;84;32;100121.33;12.40;1;1;1;1
Sporadic-5;39795;0.04;3.61;0.47;8.12;-12;-31;-46;11;87;27;100120.39;12.41;1;1;1;1
Sporadic-5;40824;0.18;3.61;0.46;8.12;-13;-31;-46;11;91;29;100118.64;12.41;1;1;1;1
Sporadic-5;41853;0.23;3.61;0.46;8.12;-13;-31;-46;7;81;27;100118.14;12.42;1;1;1;1
Sporadic-5;42882;-0.19;3.61;0.47;8.11;-14;-31;-45;3;85;25;100123.10;12.43;1;1;1;1
Sporadic-5;43919;0.34;3.61;0.46;8.12;-13;-32;-47;9;75;21;100116.78;12.43;1;1;1;1
Sporadic-5;44948;-0.32;3.61;0.46;8.12;-12;-31;-47;14;86;22;100124.62;12.43;1;1;1;1
Sporadic-5;45977;-0.05;3.61;0.46;8.11;-13;-31;-46;13;79;25;100121.46;12.45;1;1;1;1
Sporadic-5;47006;-0.15;3.61;0.46;8.12;-14;-32;-47;10;90;20;100122.64;12.46;1;1;1;1
Sporadic-5;48034;-0.16;3.61;0.46;8.12;-14;-31;-46;1;89;27;100122.74;12.47;1;1;1;1
Sporadic-5;49063;-0.14;3.61;0.46;8.12;-14;-31;-46;14;90;28;100122.47;12.46;1;1;1;1
Sporadic-5;50096;-0.31;3.61;0.46;8.12;-13;-31;-46;6;80;22;100124.47;12.47;1;1;1;1
Sporadic-5;51125;-0.13;3.61;0.46;8.13;-13;-31;-47;12;94;20;100122.38;12.48;1;1;1;1
Sporadic-5;52154;-0.09;3.61;0.46;8.12;-14;-30;-46;9;85;27;100121.94;12.49;1;1;1;1
Sporadic-5;53183;-0.14;3.61;0.46;8.12;-14;-31;-46;13;89;23;100122.50;12.50;1;1;1;1
Sporadic-5;54212;-0.27;3.61;0.46;8.12;-14;-31;-46;11;83;23;100124.07;12.49;1;1;1;1
Sporadic-5;55241;-0.22;3.61;0.46;8.13;-13;-32;-46;5;89;25;100123.47;12.51;1;1;1;1
Sporadic-5;56273;-0.20;3.61;0.47;8.12;-13;-36;-46;7;87;25;100123.17;12.50;1;1;1;1
Sporadic-5;57303;-0.06;3.61;0.46;8.12;-11;-40;-46;16;90;28;100121.57;12.50;1;1;1;1
Sporadic-5;58332;-0.11;3.61;0.46;8.12;-14;-31;-45;15;87;31;100122.11;12.51;1;1;1;1
Sporadic-5;59361;-0.25;3.61;0.47;8.12;-13;-32;-46;8;88;24;100123.79;12.52;1;1;1;1
Sporadic-5;60390;-0.17;3.61;0.46;8.13;-13;-32;-47;6;86;26;100122.89;12.52;1;1;1;1
Sporadic-5;61419;-0.10;3.61;0.46;8.12;-14;-32;-48;6;88;28;100121.96;12.53;1;1;1;1
Sporadic-5;62460;0.09;3.61;0.46;8.12;-13;-30;-46;15;87;27;100119.79;12.53;1;1;1;1
Sporadic-5;63490;0.06;3.61;0.46;8.12;-14;-31;-46;9;77;29;100120.08;12.54;1;1;1;1
Sporadic-5;64518;-0.00;3.62;0.46;8.13;-13;-31;-45;7;91;23;100120.89;12.55;1;1;1;1
Sporadic-5;11;-0.22;3.62;0.46;8.12;-14;-31;-45;6;84;22;100123.42;12.56;1;1;1;1
Sporadic-5;1040;-0.07;3.61;0.46;8.12;-13;-32;-45;8;92;26;100121.63;12.57;1;1;1;1
Sporadic-5;2069;0.13;3.61;0.47;8.13;-13;-30;-48;4;86;28;100119.25;12.58;1;1;1;1
Sporadic-5;3098;0.00;3.62;0.45;8.13;-14;-32;-46;15;85;25;100117.92;12.58;1;1;1;1
Sporadic-5;4130;-0.06;3.61;0.46;8.12;-13;-31;-46;12;88;26;100121.57;12.59;1;1;1;1
Sporadic-5;5161;-0.30;3.62;0.46;8.11;-13;-31;-45;19;89;33;100124.36;12.59;1;1;1;1
Sporadic-5;6191;-0.25;3.61;0.46;8.13;-13;-31;-45;10;88;30;100123.77;12.60;1;1;1;1
Sporadic-5;7220;-0.11;3.61;0.46;8.12;-13;-32;-46;9;83;29;100122.19;12.61;1;1;1;1
Sporadic-5;8256;0.04;3.62;0.46;8.12;-13;-33;-45;9;85;25;100120.41;12.62;1;1;1;1
Sporadic-5;9285;0.02;3.61;0.46;8.12;-13;-31;-48;13;87;23;100120.62;12.62;1;1;1;1
Sporadic-5;10316;0.10;3.61;0.46;8.13;-14;-32;-46;16;84;22;100119.72;12.63;1;1;1;1
Sporadic-5;11345;-0.07;3.61;0.46;8.12;-14;-30;-45;8;88;24;100121.70;12.63;1;1;1;1
Sporadic-5;12375;-0.25;3.62;0.45;8.11;-14;-31;-47;12;84;20;100123.86;12.64;1;1;1;1
Sporadic-5;13404;-0.33;3.61;0.46;8.13;-12;-31;-45;5;83;23;100124.80;12.65;1;1;1;1
Sporadic-5;14433;-0.07;3.62;0.46;8.12;-13;-32;-47;8;84;26;100121.65;12.66;1;1;1;1
Sporadic-5;15462;-0.34;3.61;0.47;8.12;-14;-33;-47;6;94;20;100124.82;12.66;1;1;1;1
Sporadic-5;16494;-0.19;3.61;0.47;8.11;-15;-33;-45;8;84;26;100123.11;12.67;1;1;1;1
Sporadic-5;17523;-0.16;4.56;5.45;5.25;3719;2397;-866;15;-127;27;100122.72;12.68;1;1;1;1
Sporadic-5;18552;0.53;4.34;5.34;10.32;-1588;6755;-1195;71;-275;-165;100114.57;12.66;1;1;1;1
Sporadic-5;19581;1.38;1.14;1.11;8.41;-1223;217;883;150;-60;78;100104.44;12.64;1;1;1;1