Sporadic-4;2121;0.00;2.34;2.82;6.94;10;-87;60;21;135;255;98259.38;23.93;0;0;0;0
Sporadic-4;3190;12.28;0.99;1.98;7.78;-11;44;-52;59;115;291;98115.64;24.00;1;0;0;0
Sporadic-4;4217;-0.27;1.08;7.67;0.87;-1407;58;319;25;327;135;98262.55;24.00;1;0;0;0
Sporadic-4;5246;-0.27;1.51;7.73;1.22;127;-50;-216;22;322;138;98262.58;23.97;1;0;0;0
Sporadic-4;6279;-0.35;2.88;6.78;2.88;1146;466;-1314;-10;262;198;98263.52;23.95;1;1;1;0
Sporadic-4;7307;-0.10;3.43;6.51;3.18;501;135;99;-11;277;183;98260.52;23.92;1;1;1;0
Sporadic-4;8335;-0.31;4.98;5.51;3.69;-88;15;-941;-37;225;177;98262.97;23.90;1;1;1;1
Sporadic-4;9363;-0.48;5.30;4.86;3.98;42;-29;-143;-35;203;187;98264.96;23.89;1;1;1;1
Sporadic-4;10391;-0.38;3.05;6.93;4.17;-2885;-454;1630;19;243;229;98263.82;23.91;1;1;1;1
Sporadic-4;2121;0.00;1.49;7.00;3.65;-85;-87;-26;115;-75;173;98265.69;24.88;0;0;0;0
Sporadic-4;3193;0.30;1.49;7.04;3.73;-120;-63;-16;111;-93;181;98262.21;24.94;0;0;0;0
Sporadic-4;4221;0.17;1.38;7.06;3.48;-5;-48;-27;106;-92;180;98263.69;25.01;0;0;0;0
Sporadic-4;2121;0.00;2.95;6.44;3.54;-56;-64;-29;155;-143;133;98244.28;23.20;0;0;0;0
Sporadic-4;2421;0.00;0.32;7.63;0.15;92;-695;-130;9;-101;101;99908.91;0.75;0;0;0;0
Sporadic-4;3489;0.07;1.06;8.97;1.19;187;60;418;-7;-109;87;99908.10;0.83;0;0;0;0
Sporadic-4;4516;-0.03;0.09;8.10;0.50;-184;-213;-1;7;-105;109;99909.21;0.91;0;0;0;0
Sporadic-4;5549;-0.21;0.20;8.12;0.18;-116;-48;-33;5;-99;109;99911.42;0.99;0;0;0;0
Sporadic-4;6577;0.10;0.23;8.12;0.16;-138;-22;-3;1;-99;103;99908.49;1.06;0;0;0;0
Sporadic-4;7605;-0.55;0.22;8.12;0.17;-117;-44;-27;8;-104;110;99915.50;1.13;0;0;0;0
Sporadic-4;8633;-0.50;0.22;8.12;0.15;-131;-51;-27;-1;-105;111;99914.78;1.21;0;0;0;0
Sporadic-4;9661;-0.38;0.24;8.12;0.17;-111;-39;-25;6;-94;116;99913.46;1.27;0;0;0;0
Sporadic-4;10689;-0.76;0.24;8.11;0.26;-125;-50;-26;1;-105;107;99917.97;1.35;0;0;0;0
Sporadic-4;11720;-0.76;0.23;8.11;0.22;-116;-49;-32;0;-102;104;99917.94;1.41;0;0;0;0
Sporadic-4;12749;-0.14;0.24;8.12;0.22;-124;-51;-23;4;-108;106;99910.60;1.47;0;0;0;0
Sporadic-4;13776;-0.84;0.24;8.12;0.17;-118;-48;-32;0;-100;104;99918.91;1.54;0;0;0;0
Sporadic-4;14806;-0.72;0.23;8.11;0.18;-97;-57;-40;6;-104;106;99917.47;1.59;0;0;0;0
Sporadic-4;15833;-0.87;0.20;8.12;0.16;-120;-46;-25;0;-94;106;99919.19;1.65;0;0;0;0
Sporadic-4;16862;-0.69;0.22;8.12;0.15;-114;-51;-31;4;-92;112;99917.05;1.71;0;0;0;0
Sporadic-4;17893;-0.77;0.22;8.12;0.16;-128;-47;-27;-5;-97;103;99918.08;1.76;0;0;0;0
Sporadic-4;18921;-0.53;0.22;8.11;0.18;-125;-45;-25;2;-96;112;99915.21;1.80;0;0;0;0
Sporadic-4;19949;-1.00;0.21;8.12;0.19;-145;-44;-17;-6;-104;112;99920.75;1.85;0;0;0;0
Sporadic-4;20977;-0.89;0.22;8.11;0.21;-122;-53;-30;5;-97;109;99919.44;1.90;0;0;0;0
Sporadic-4;22006;-0.61;0.24;8.12;0.21;-100;-59;-35;5;-95;105;99916.11;1.94;0;0;0;0
Sporadic-4;23033;-0.97;0.23;8.12;0.22;-115;-49;-30;3;-93;109;99920.47;1.98;0;0;0;0
Sporadic-4;24074;-0.85;0.22;8.11;0.24;-126;-45;-23;9;-105;109;99918.99;2.03;0;0;0;0
Sporadic-4;25103;-0.39;0.25;8.12;0.25;-115;-40;-27;2;-100;108;99913.53;2.08;0;0;0;0
Sporadic-4;26131;-0.34;0.22;8.11;0.23;-119;-49;-29;-12;-100;108;99912.97;2.11;0;0;0;0
Sporadic-4;27160;-0.46;0.25;8.11;0.22;-116;-44;-26;4;-96;106;99914.32;2.16;0;0;0;0
Sporadic-4;28187;-0.41;0.22;8.11;0.19;-117;-48;-29;1;-95;101;99913.80;2.19;0;0;0;0
Sporadic-4;29216;-0.54;0.24;8.12;0.22;-129;-56;-21;-3;-95;101;99915.30;2.24;0;0;0;0
Sporadic-4;30247;-0.03;0.24;8.11;0.28;-118;-49;-29;12;-98;110;99909.30;2.27;0;0;0;0
Sporadic-4;31276;-0.21;0.22;8.12;0.16;-118;-55;-28;2;-94;106;99911.41;2.31;0;0;0;0
Sporadic-4;32305;-0.65;0.22;8.12;0.20;-119;-42;-24;9;-103;105;99916.57;2.34;0;0;0;0
Sporadic-4;33333;-0.62;0.23;8.12;0.22;-124;-62;-28;8;-92;106;99916.29;2.38;0;0;0;0
Sporadic-4;34361;-1.05;0.23;8.11;0.21;-105;-42;-30;0;-96;104;99918.85;2.42;0;0;0;0
Sporadic-4;35389;0.01;0.24;8.12;0.18;-142;-62;-14;5;-95;113;99908.75;2.44;0;0;0;0
Sporadic-4;36421;-0.29;0.23;8.11;0.25;-104;-65;-32;7;-89;107;99912.32;2.48;0;0;0;0
Sporadic-4;37448;-0.52;0.22;8.12;0.18;-120;-54;-29;-1;-93;109;99915.08;2.51;0;0;0;0
Sporadic-4;38478;0.02;0.22;8.12;0.26;-107;-34;-24;0;-96;104;99908.63;2.53;0;0;0;0
Sporadic-4;39504;-0.29;0.21;8.12;0.18;-117;-55;-30;4;-100;100;99912.32;2.56;0;0;0;0
Sporadic-4;40535;-1.28;0.20;8.11;0.20;-118;-56;-27;0;-92;110;99924.08;2.59;0;0;0;0
Sporadic-4;41562;-0.49;0.21;8.11;0.24;-125;-50;-25;2;-96;106;99914.72;2.62;0;0;0;0
Sporadic-4;42594;-0.38;0.22;8.12;0.17;-121;-54;-27;1;-103;105;99913.46;2.65;0;0;0;0
Sporadic-4;43622;-0.69;0.22;8.11;0.25;-120;-54;-28;6;-98;104;99917.08;2.68;0;0;0;0
Sporadic-4;44650;-0.31;0.21;8.11;0.23;-124;-61;-28;2;-96;108;99912.61;2.71;0;0;0;0
Sporadic-4;45678;0.07;0.20;8.11;0.27;-120;-55;-29;4;-102;108;99908.03;2.74;0;0;0;0
Sporadic-4;46706;-0.22;0.21;8.12;0.21;-121;-55;-28;9;-97;105;99916.07;2.76;0;0;0;0
Sporadic-4;47735;0.05;0.24;8.11;0.25;-115;-52;-25;3;-99;105;99908.30;2.79;0;0;0;0
Sporadic-4;48768;-0.49;0.18;8.11;0.21;-119;-41;-28;2;-94;106;99914.73;2.81;0;0;0;0
Sporadic-4;49833;-0.04;0.23;8.12;0.22;-110;-45;-23;3;-103;103;99909.38;2.84;0;0;0;0
Sporadic-4;50861;0.17;0.24;8.12;0.23;-119;-54;-29;3;-101;101;99906.81;2.87;0;0;0;0
Sporadic-4;51891;-0.16;0.22;8.11;0.24;-119;-55;-29;9;-95;105;99910.78;2.89;0;0;0;0
Sporadic-4;52918;-0.31;0.22;8.11;0.22;-119;-51;-28;3;-97;107;99912.63;2.91;0;0;0;0
Sporadic-4;53947;0.10;0.21;8.11;0.25;-115;-47;-28;10;-92;106;99909.86;2.93;0;0;0;0
Sporadic-4;54978;-0.61;0.21;8.11;0.23;-117;-51;-28;6;-96;100;99916.13;2.96;0;0;0;0
Sporadic-4;56006;-0.38;0.21;8.11;0.25;-114;-56;-30;8;-98;106;99913.42;2.98;0;0;0;0
Sporadic-4;57034;-0.45;0.23;8.11;0.19;-118;-50;-28;9;-99;107;99914.28;3.01;0;0;0;0
Sporadic-4;58062;-0.34;0.20;8.11;0.27;-114;-47;-29;2;-102;106;99912.95;3.03;0;0;0;0
Sporadic-4;59091;-0.14;0.21;8.11;0.22;-124;-57;-26;5;-103;105;99910.57;3.04;0;0;0;0
Sporadic-4;60120;-0.48;0.23;8.11;0.23;-115;-53;-28;13;-87;107;99914.61;3.07;0;0;0;0
Sporadic-4;61152;-0.51;0.20;8.11;0.21;-113;-50;-31;5;-91;107;99914.99;3.09;0;0;0;0
Sporadic-4;62179;-0.57;0.22;8.12;0.22;-119;-49;-26;-4;-90;104;99915.70;3.10;0;0;0;0
Sporadic-4;63208;-0.26;0.21;8.12;0.20;-119;-66;-33;-1;-103;109;99911.93;3.12;0;0;0;0
Sporadic-4;64235;-0.37;0.21;8.12;0.21;-115;-48;-26;7;-97;107;99913.32;3.15;0;0;0;0
Sporadic-4;65264;-0.02;0.21;8.11;0.25;-114;-48;-29;3;-93;105;99909.19;3.17;0;0;0;0
Sporadic-4;755;-0.37;0.23;8.12;0.21;-119;-56;-26;8;-98;108;99913.42;3.20;0;0;0;0
Sporadic-4;1787;-0.57;0.23;8.11;0.22;-116;-51;-28;3;-95;111;99915.63;3.21;0;0;0;0
Sporadic-4;2816;0.08;0.51;16.00;1.18;-154;-475;-32;48;-104;148;99907.92;3.23;0;0;0;0
Sporadic-4;3844;41.40;1.45;16.00;3.34;-192;-44;-176;-16;-136;-20;99418.22;3.23;1;0;0;0
Sporadic-4;4873;111.10;3.72;4.47;0.92;276;-1038;52;65;-137;-95;98596.59;3.17;1;0;0;0
Sporadic-4;5901;166.70;2.14;2.89;0.47;178;-476;219;150;-102;-126;97945.16;3.13;1;0;0;0
Sporadic-4;6929;206.27;1.48;1.72;0.54;75;-838;-406;243;-65;-107;97483.69;3.09;1;0;0;0
Sporadic-4;7960;232.85;0.77;1.09;0.36;132;-910;-799;327;-11;-37;97174.63;3.06;1;0;0;0
Sporadic-4;8989;246.81;0.87;0.64;0.13;-184;-1036;-542;347;61;123;97012.66;3.04;1;0;0;0
Sporadic-4;10017;250.38;0.64;0.58;0.08;-814;-1277;12;244;148;264;96971.28;3.03;1;0;0;0
Sporadic-4;11046;243.74;0.94;0.65;0.22;-1000;-1457;346;63;241;299;97048.30;3.03;1;0;1;0
Sporadic-4;12073;227.02;0.91;0.84;0.16;-204;-908;-377;-26;304;232;97242.33;3.02;1;0;1;0
Sporadic-4;13104;223.08;11.44;8.15;15.92;-18707;4266;8525;209;-65;-147;97288.14;2.96;1;1;1;0
Sporadic-4;14135;179.90;9.41;3.28;5.82;8592;-12609;-10738;-73;-51;15;97791.37;2.91;1;1;1;0
Sporadic-4;15163;163.31;5.01;16.00;2.56;1860;-7553;-829;186;-106;-108;97984.82;2.88;1;1;1;0
Sporadic-4;16192;154.73;0.43;7.60;1.60;6885;-6152;725;224;-70;-138;98085.07;2.86;1;1;1;0
Sporadic-4;17220;145.83;0.88;9.49;1.98;1395;-12829;-2261;183;-63;-175;98189.27;2.87;1;1;1;0
Sporadic-4;18249;137.59;0.69;9.21;1.22;3080;-5868;-1340;43;-91;-135;98285.85;2.87;1;1;1;0
Sporadic-4;19277;130.13;0.25;7.71;0.21;1220;-487;1702;50;-120;122;98373.25;2.87;1;1;1;0
Sporadic-4;20310;121.89;1.04;8.63;0.27;1364;-10487;652;178;-136;-26;98469.97;2.86;1;1;1;0
Sporadic-4;21338;114.80;1.47;9.07;2.08;2424;-6294;117;79;-135;-51;98553.20;2.86;1;1;1;0
Sporadic-4;22367;107.02;0.10;8.14;0.06;346;-1312;-1486;67;-139;-43;98644.61;2.87;1;1;1;0
Sporadic-4;23394;99.74;1.27;8.21;2.50;510;-12967;138;218;-112;-66;98730.21;2.88;1;1;1;0
Sporadic-4;24424;92.12;0.37;7.42;2.91;1101;-10078;-4000;258;-4;-178;98819.83;2.88;1;1;1;0
Sporadic-4;25455;84.78;1.21;7.12;0.59;-2863;4703;2241;171;-123;95;98906.19;2.89;1;1;1;0
Sporadic-4;26483;76.58;0.04;7.39;1.76;-17;3210;-1992;-17;-109;-43;99002.89;2.87;1;1;1;0
Sporadic-4;27511;69.28;0.67;9.98;1.05;1064;6989;5603;8;-100;96;99098.51;2.86;1;1;1;0
Sporadic-4;28539;63.64;1.22;6.13;1.70;17;950;661;304;-68;32;99155.50;2.85;1;1;1;0
Sporadic-4;29568;55.92;1.68;7.78;0.01;727;4146;40;243;-51;177;99246.69;2.84;1;1;1;0
Sporadic-4;30598;47.07;0.12;8.97;1.15;1230;5172;-4770;25;-103;-95;99351.25;2.85;1;1;1;0
Sporadic-4;31668;40.65;0.65;8.12;2.54;-2538;-2426;1484;101;-133;-79;99427.17;2.83;1;1;1;0
Sporadic-4;32696;34.10;1.63;7.71;1.83;-1686;2706;33;116;-150;-6;99504.63;2.85;1;1;1;0
Sporadic-4;33724;27.32;0.05;7.65;0.88;-1142;6340;216;185;-131;-45;99584.94;2.82;1;1;1;0
Sporadic-4;34753;20.50;0.07;9.96;1.13;2190;799;-389;114;-90;-160;99665.30;2.83;1;1;1;0
Sporadic-4;35781;16.01;1.16;8.48;1.06;928;1892;1823;271;-99;17;99718.88;2.83;1;1;1;0
Sporadic-4;36809;9.31;0.22;7.26;1.53;-1233;577;646;84;-110;-128;99798.39;2.85;1;1;1;0
Sporadic-4;37840;2.77;1.74;8.41;1.86;-2333;4530;-734;146;-140;-32;99876.00;2.82;1;1;1;1
Sporadic-4;38870;-0.94;5.92;4.14;4.50;-158;98;29;-55;-71;-83;99920.03;2.85;1;1;1;1
Sporadic-4;39897;-1.12;6.13;3.61;4.50;-119;-54;-27;-75;-91;-57;99922.21;2.91;1;1;1;1
Sporadic-4;40926;-1.04;6.14;3.61;4.50;-119;-55;-25;-79;-95;-53;99921.21;2.97;1;1;1;1
Sporadic-4;41953;-1.36;6.16;3.62;4.50;-115;-52;-28;-73;-91;-55;99924.99;3.03;1;1;1;1
Sporadic-4;42982;-1.27;6.17;3.62;4.50;-116;-56;-30;-77;-91;-53;99923.92;3.08;1;1;1;1
Sporadic-4;44013;-1.28;6.17;3.62;4.49;-119;-48;-25;-75;-87;-51;99924.05;3.15;1;1;1;1
Sporadic-4;45041;-1.25;6.18;3.61;4.49;-118;-48;-25;-78;-90;-48;99923.78;3.20;1;1;1;1
Sporadic-4;46070;-1.10;6.17;3.62;4.49;-120;-48;-25;-69;-93;-53;99922.02;3.25;1;1;1;1
Sporadic-4;47097;-1.15;6.18;3.61;4.49;-118;-49;-27;-78;-90;-54;99922.53;3.31;1;1;1;1
Sporadic-4;48126;-1.14;6.18;3.61;4.48;-118;-51;-26;-69;-87;-59;99922.46;3.36;1;1;1;1
Sporadic-4;49155;-1.47;6.19;3.61;4.49;-118;-52;-26;-75;-91;-51;99926.38;3.40;1;1;1;1
Sporadic-4;50187;-1.27;6.19;3.61;4.48;-118;-52;-26;-79;-91;-61;99923.96;3.46;1;1;1;1
Sporadic-4;51214;-1.54;6.19;3.61;4.48;-117;-46;-23;-71;-85;-55;99927.11;3.51;1;1;1;1
Sporadic-4;52243;-1.36;6.19;3.61;4.49;-118;-52;-26;-74;-86;-52;99925.07;3.56;1;1;1;1
Sporadic-4;53270;-1.46;6.19;3.61;4.48;-118;-51;-27;-72;-82;-54;99926.18;3.61;1;1;1;1
Sporadic-4;54299;-1.28;6.18;3.61;4.49;-116;-51;-30;-76;-92;-58;99924.09;3.66;1;1;1;1
Sporadic-4;55326;-1.76;6.20;3.61;4.48;-117;-47;-24;-73;-95;-55;99929.75;3.71;1;1;1;1
Sporadic-4;56358;-1.45;6.19;3.56;4.51;-65;-84;-32;-71;-97;-55;99926.13;3.76;1;1;1;1
Sporadic-4;57387;-1.66;6.21;3.57;4.48;-121;-33;-14;-82;-92;-50;99928.66;3.82;1;1;1;1
Sporadic-4;58415;-1.67;6.21;3.58;4.49;-132;-30;-18;-79;-89;-55;99928.71;3.86;1;1;1;1
Sporadic-4;59443;-1.33;6.21;3.59;4.48;-115;-65;-32;-72;-88;-60;99923.20;3.90;1;1;1;1
Sporadic-4;60471;-1.61;6.21;3.60;4.48;-115;-53;-27;-76;-84;-56;99928.07;3.96;1;1;1;1
Sporadic-4;61500;-1.47;6.19;3.79;4.65;63;-369;-199;-71;-91;-57;99926.39;4.01;1;1;1;1
Sporadic-4;62530;-0.85;6.80;2.76;4.62;51;-270;98;-95;-61;-63;99918.96;4.05;1;1;1;1
Sporadic-4;63560;-0.70;1.82;4.57;7.28;820;-3130;416;132;-102;-146;99917.25;4.11;1;1;1;1
Sporadic-4;64587;0.39;4.10;1.48;8.46;-1359;-1658;3067;195;213;-193;99904.28;4.14;1;1;1;1
Sporadic-4;80;0.37;5.14;0.27;5.29;85;-90;969;289;181;-137;99904.47;4.18;1;1;1;1
Sporadic-4;1107;0.28;4.61;2.85;7.31;-511;-457;-710;277;113;-165;99905.61;4.21;1;1;1;1
Sporadic-4;2137;0.27;4.72;0.06;6.92;-1029;105;350;282;196;-154;99905.74;4.24;1;1;1;1
Sporadic-4;3168;0.17;5.22;0.98;6.84;520;718;-87;276;182;-162;99906.91;4.28;1;1;1;1
Sporadic-4;4196;0.05;4.39;0.82;7.00;805;-2443;1153;319;195;-107;99908.25;4.31;1;1;1;1
Sporadic-4;5225;0.33;4.74;2.45;4.75;330;2235;216;322;240;-74;99906.67;4.36;1;1;1;1
Sporadic-4;6253;-0.15;2.67;0.13;6.54;-41;1685;1336;331;103;-119;99910.69;4.40;1;1;1;1
Sporadic-4;7281;-0.15;1.06;6.05;7.05;-6587;1302;-2164;174;-90;-146;99910.67;4.44;1;1;1;1
Sporadic-4;8309;-0.00;1.05;6.35;0.16;1168;-2664;1286;123;-163;115;99908.92;4.46;1;1;1;1
Sporadic-4;9341;-0.23;5.28;7.06;0.05;-921;1032;-962;-17;-129;173;99911.59;4.50;1;1;1;1
Sporadic-4;10369;-0.12;8.29;2.15;0.21;-2114;-342;-4613;320;20;168;99910.27;4.52;1;1;1;1