Sporadic-4;2421;0.00;0.36;0;0;0;0;
Sporadic-4;3489;0.07;0.36;0;0;0;0;
Sporadic-4;4516;-0.03;0.36;0;0;0;0;
Sporadic-4;5549;-0.21;0.26;0;0;0;0;
Sporadic-4;6577;0.10;0.28;0;0;0;0;
Sporadic-4;7605;-0.55;0.28;0;0;0;0;
Sporadic-4;8633;-0.50;0.27;0;0;0;0;
Sporadic-4;9661;-0.38;0.29;0;0;0;0;
Sporadic-4;10689;-0.76;0.29;0;0;0;0;
Sporadic-4;11720;-0.76;0.31;0;0;0;0;
Sporadic-4;12749;-0.14;0.32;0;0;0;0;
Sporadic-4;13776;-0.84;0.29;0;0;0;0;
Sporadic-4;14806;-0.72;0.29;0;0;0;0;
Sporadic-4;15833;-0.87;0.26;0;0;0;0;
Sporadic-4;16862;-0.69;0.27;0;0;0;0;
Sporadic-4;17893;-0.77;0.28;0;0;0;0;
Sporadic-4;18921;-0.53;0.29;0;0;0;0;
Sporadic-4;19949;-1.00;0.29;0;0;0;0;
Sporadic-4;20977;-0.89;0.31;0;0;0;0;
Sporadic-4;22006;-0.61;0.32;0;0;0;0;
Sporadic-4;23033;-0.97;0.31;0;0;0;0;
Sporadic-4;24074;-0.85;0.31;0;0;0;0;
Sporadic-4;25103;-0.39;0.36;0;0;0;0;
Sporadic-4;26131;-0.34;0.36;0;0;0;0;
Sporadic-4;27160;-0.46;0.33;0;0;0;0;
Sporadic-4;28187;-0.41;0.29;0;0;0;0;
Sporadic-4;29216;-0.54;0.33;0;0;0;0;
Sporadic-4;30247;-0.03;0.33;0;0;0;0;
Sporadic-4;31276;-0.21;0.27;0;0;0;0;
Sporadic-4;32305;-0.65;0.30;0;0;0;0;
Sporadic-4;33333;-0.62;0.32;0;0;0;0;
Sporadic-4;34361;-1.05;0.32;0;0;0;0;
Sporadic-4;35389;0.01;0.30;0;0;0;0;
Sporadic-4;36421;-0.29;0.30;0;0;0;0;
Sporadic-4;37448;-0.52;0.29;0;0;0;0;
Sporadic-4;38478;0.02;0.29;0;0;0;0;
Sporadic-4;39504;-0.29;0.28;0;0;0;0;
Sporadic-4;40535;-1.28;0.28;0;0;0;0;
Sporadic-4;41562;-0.49;0.28;0;0;0;0;
Sporadic-4;42594;-0.38;0.28;0;0;0;0;
Sporadic-4;43622;-0.69;0.28;0;0;0;0;
Sporadic-4;44650;-0.31;0.28;0;0;0;0;
Sporadic-4;45678;0.07;0.28;0;0;0;0;
Sporadic-4;46706;-0.22;0.28;0;0;0;0;
Sporadic-4;47735;0.05;0.28;0;0;0;0;
Sporadic-4;48768;-0.49;0.28;0;0;0;0;
Sporadic-4;49833;-0.04;0.32;0;0;0;0;
Sporadic-4;50861;0.17;0.33;0;0;0;0;
Sporadic-4;51891;-0.16;0.33;0;0;0;0;
Sporadic-4;52918;-0.31;0.33;0;0;0;0;
Sporadic-4;53947;0.10;0.33;0;0;0;0;
Sporadic-4;54978;-0.61;0.33;0;0;0;0;
Sporadic-4;56006;-0.38;0.33;0;0;0;0;
Sporadic-4;57034;-0.45;0.30;0;0;0;0;
Sporadic-4;58062;-0.34;0.30;0;0;0;0;
Sporadic-4;59091;-0.14;0.30;0;0;0;0;
Sporadic-4;60120;-0.48;0.32;0;0;0;0;
Sporadic-4;61152;-0.51;0.32;0;0;0;0;
Sporadic-4;62179;-0.57;0.31;0;0;0;0;
Sporadic-4;63208;-0.26;0.29;0;0;0;0;
Sporadic-4;64235;-0.37;0.29;0;0;0;0;
Sporadic-4;65264;-0.02;0.29;0;0;0;0;
Sporadic-4;755;-0.37;0.31;0;0;0;0;
Sporadic-4;1787;-0.57;0.32;0;0;0;0;
Sporadic-4;2816;0.08;0.32;0;0;0;0;
Sporadic-4;3844;41.40;0.32;1;0;0;0;
Sporadic-4;4873;111.10;3.83;1;0;0;0;
Sporadic-4;5901;166.70;2.19;1;0;0;0;
Sporadic-4;6929;206.27;1.58;1;0;0;0;
Sporadic-4;7960;232.85;0.85;1;0;0;0;
Sporadic-4;8989;246.81;0.65;1;0;0;0;
Sporadic-4;10017;250.38;0.59;1;0;0;0;
Sporadic-4;11046;243.74;0.68;1;0;1;0;
Sporadic-4;12073;227.02;0.86;1;0;1;0;
Sporadic-4;13104;223.08;14.05;1;1;1;0;
Sporadic-4;14135;179.90;14.05;1;1;1;0;
Sporadic-4;15163;163.31;5.63;1;1;1;0;
Sporadic-4;16192;154.73;5.63;1;1;1;0;
Sporadic-4;17220;145.83;5.63;1;1;1;0;
Sporadic-4;18249;137.59;5.63;1;1;1;0;
Sporadic-4;19277;130.13;0.33;1;1;1;0;
Sporadic-4;20310;121.89;1.07;1;1;1;0;
Sporadic-4;21338;114.80;1.07;1;1;1;0;
Sporadic-4;22367;107.02;0.12;1;1;1;0;
Sporadic-4;23394;99.74;0.12;1;1;1;0;
Sporadic-4;24424;92.12;0.12;1;1;1;0;
Sporadic-4;25455;84.78;1.34;1;1;1;0;
Sporadic-4;26483;76.58;1.34;1;1;1;0;
Sporadic-4;27511;69.28;1.34;1;1;1;0;
Sporadic-4;28539;63.64;1.34;1;1;1;0;
Sporadic-4;29568;55.92;1.68;1;1;1;0;
Sporadic-4;30598;47.07;1.68;1;1;1;0;
Sporadic-4;31668;40.65;1.68;1;1;1;0;
Sporadic-4;32696;34.10;1.68;1;1;1;0;
Sporadic-4;33724;27.32;1.68;1;1;1;0;
Sporadic-4;34753;20.50;1.68;1;1;1;0;
Sporadic-4;35781;16.01;1.57;1;1;1;0;
Sporadic-4;36809;9.31;1.57;1;1;1;0;
Sporadic-4;37840;2.77;1.57;1;1;1;1;
Sporadic-4;38870;-0.94;1.57;1;1;1;1;
Sporadic-4;39897;-1.12;1.57;1;1;1;1;
Sporadic-4;40926;-1.04;1.57;1;1;1;1;
Sporadic-4;41953;-1.36;1.57;1;1;1;1;
Sporadic-4;42982;-1.27;1.57;1;1;1;1;
Sporadic-4;44013;-1.28;1.57;1;1;1;1;
Sporadic-4;45041;-1.25;1.57;1;1;1;1;
Sporadic-4;46070;-1.10;1.57;1;1;1;1;
Sporadic-4;47097;-1.15;1.57;1;1;1;1;
Sporadic-4;48126;-1.14;1.57;1;1;1;1;
Sporadic-4;49155;-1.47;1.57;1;1;1;1;
Sporadic-4;50187;-1.27;1.57;1;1;1;1;
Sporadic-4;51214;-1.54;1.57;1;1;1;1;
Sporadic-4;52243;-1.36;1.57;1;1;1;1;