Sporadic-1	884	1.49	0.33	8.20	0.00	-19	40	88	211	-179	-39	100001.72	2.74	0	0	0	0
Sporadic-1	1911	0.71	0.34	8.21	0.04	-19	-5	83	206	-188	-36	100009.32	2.77	0	0	0	0
Sporadic-1	2941	0.73	0.34	8.21	0.05	-19	6	89	217	-183	-43	100010.66	2.80	0	0	0	0
Sporadic-1	3969	1.69	0.34	8.20	0.06	-21	-29	84	201	-181	-45	99999.30	2.83	0	0	0	0
Sporadic-1	4997	0.77	0.33	8.21	0.04	-23	-12	87	211	-179	-41	100010.27	2.85	0	0	0	0
Sporadic-1	6024	1.14	0.33	8.20	0.01	-19	3	87	213	-175	-45	100005.79	2.89	0	0	0	0
Sporadic-1	7054	0.83	0.36	8.21	0.05	-22	-17	85	214	-176	-42	100009.50	2.91	0	0	0	0
Sporadic-1	8082	0.91	0.33	8.20	0.01	-19	-7	84	214	-180	-40	100008.63	2.93	0	0	0	0
Sporadic-1	9109	1.09	0.31	8.22	0.07	-19	2	86	205	-181	-39	100006.47	2.96	0	0	0	0
Sporadic-1	10137	0.84	0.38	8.21	0.03	-19	-2	84	206	-182	-38	100009.38	2.99	0	0	0	0
Sporadic-1	11164	0.85	0.29	8.21	0.04	-21	-16	87	213	-185	-37	100009.34	3.02	0	0	0	0
Sporadic-1	12191	0.83	0.31	8.20	0.02	-19	-3	83	216	-184	-44	100009.47	3.05	0	0	0	0
Sporadic-1	13222	0.72	0.33	8.20	0.03	-24	-31	89	211	-181	-41	100010.88	3.08	0	0	0	0
Sporadic-1	14249	0.95	0.36	8.20	0.02	-19	3	84	206	-176	-40	100008.13	3.10	0	0	0	0
Sporadic-1	15278	0.65	0.32	8.21	0.05	-23	-22	86	212	-184	-40	100011.66	3.13	0	0	0	0
Sporadic-1	16305	0.41	0.34	8.20	0.00	-22	-8	85	210	-174	-34	100014.54	3.16	0	0	0	0
Sporadic-1	17333	0.92	0.34	8.20	0.04	-20	-7	84	207	-183	-41	100008.44	3.18	0	0	0	0
Sporadic-1	18360	0.86	0.37	8.20	0.00	-22	-18	86	204	-174	-36	100009.21	3.21	0	0	0	0
Sporadic-1	19390	0.84	0.36	8.20	0.04	-19	-7	84	210	-188	-42	100009.44	3.24	0	0	0	0
Sporadic-1	20418	0.53	0.32	8.20	0.02	-20	-16	86	210	-180	-44	100013.08	3.26	0	0	0	0
Sporadic-1	21445	0.29	0.35	8.21	0.03	-20	-11	86	208	-180	-46	100015.94	3.28	0	0	0	0
Sporadic-1	22473	0.12	0.32	8.20	0.02	-23	-14	87	217	-185	-39	100017.99	3.32	0	0	0	0
Sporadic-1	23500	0.20	0.35	8.20	0.00	-23	-10	87	212	-182	-38	100016.99	3.33	0	0	0	0
Sporadic-1	24528	0.99	0.36	8.20	0.02	-24	-17	86	213	-181	-43	100012.35	3.35	0	0	0	0
Sporadic-1	25559	0.22	0.32	8.21	0.03	-22	-14	87	212	-178	-30	100016.78	3.38	0	0	0	0
Sporadic-1	26587	0.40	0.34	8.20	0.04	-21	-2	84	214	-178	-36	100014.60	3.41	0	0	0	0
Sporadic-1	27615	0.35	0.31	8.20	0.06	-19	-2	87	213	-175	-39	100015.28	3.42	0	0	0	0
Sporadic-1	28642	0.57	0.35	8.20	0.02	-21	7	87	211	-175	-43	100012.64	3.44	0	0	0	0
Sporadic-1	29669	0.49	0.28	8.21	0.04	-20	-13	84	201	-177	-39	100013.54	3.47	0	0	0	0
Sporadic-1	30697	0.46	0.37	8.21	0.01	-22	-16	87	209	-177	-39	100013.91	3.50	0	0	0	0
Sporadic-1	31728	0.77	0.35	8.20	0.01	-22	-15	86	204	-180	-38	100010.17	3.52	0	0	0	0
Sporadic-1	32755	1.31	0.35	8.20	0.02	-15	15	87	201	-171	-49	100003.82	3.54	0	0	0	0
Sporadic-1	33785	0.70	0.34	8.20	0.00	-27	-236	87	211	-181	-39	100011.03	3.56	0	0	0	0
Sporadic-1	34813	1.66	0.39	8.20	0.06	-24	-15	90	206	-182	-48	99999.63	3.58	0	0	0	0
Sporadic-1	35841	1.58	0.33	8.20	0.01	-20	-25	91	219	-187	-53	100000.63	3.60	0	0	0	0
Sporadic-1	36869	0.93	0.36	8.20	0.00	-22	-32	90	220	-180	-44	100008.36	3.64	0	0	0	0
Sporadic-1	37899	0.63	0.32	8.20	0.01	-20	-5	86	214	-180	-42	100011.92	3.66	0	0	0	0
Sporadic-1	38927	1.09	0.25	8.21	0.00	-20	7	85	212	-180	-48	100006.38	3.68	0	0	0	0
Sporadic-1	39955	1.00	0.33	8.21	0.01	-21	-7	86	218	-180	-48	100007.82	3.71	0	0	0	0
Sporadic-1	40982	1.25	0.28	8.20	0.02	-18	-1	82	217	-185	-45	100004.52	3.73	0	0	0	0
Sporadic-1	42009	0.98	0.39	8.20	0.03	-23	-28	89	215	-181	-49	100007.72	3.75	0	0	0	0
Sporadic-1	43037	0.91	0.35	8.20	0.01	-21	-18	87	211	-181	-55	100008.62	3.78	0	0	0	0
Sporadic-1	44068	1.30	0.41	8.20	0.05	-20	-3	84	219	-179	-51	100003.93	3.81	0	0	0	0
Sporadic-1	45095	0.86	0.35	8.21	0.02	-23	-30	89	217	-181	-43	100009.16	3.83	0	0	0	0
Sporadic-1	46123	0.67	0.38	8.20	0.03	-19	-13	87	212	-180	-38	100011.41	3.85	0	0	0	0
Sporadic-1	47151	0.97	0.32	8.21	0.01	-21	8	83	217	-183	-49	100007.82	3.87	0	0	0	0
Sporadic-1	48178	1.20	0.33	8.20	0.01	-19	-9	85	210	-178	-44	100007.03	3.89	0	0	0	0
Sporadic-1	49206	0.78	0.32	8.20	0.01	-22	-15	85	211	-179	-45	100010.16	3.92	0	0	0	0
Sporadic-1	50236	0.72	0.37	8.20	0.05	-19	-20	86	210	-178	-42	100010.83	3.94	0	0	0	0
Sporadic-1	51264	0.97	0.32	8.20	0.00	-18	-23	84	215	-181	-49	100007.85	3.96	0	0	0	0
Sporadic-1	52291	0.83	0.37	8.20	0.01	-20	-4	84	221	-179	-47	100009.57	3.98	0	0	0	0
Sporadic-1	53319	0.96	0.32	8.21	0.02	-21	-13	86	212	-182	-46	100008.01	4.00	0	0	0	0
Sporadic-1	54346	1.17	0.35	8.20	0.02	-18	-3	86	214	-178	-44	100005.56	4.02	0	0	0	0
Sporadic-1	55374	1.15	0.30	8.20	0.02	-21	-9	88	212	-184	-48	100005.72	4.05	0	0	0	0
Sporadic-1	56401	1.10	0.34	8.20	0.02	-21	11	85	208	-180	-50	100006.29	4.07	0	0	0	0
Sporadic-1	57432	0.89	0.33	8.19	0.04	-22	-20	83	217	-179	-47	100008.83	4.08	0	0	0	0
Sporadic-1	58460	1.36	0.29	8.21	0.04	-22	-31	86	211	-175	-45	100003.21	4.10	0	0	0	0
Sporadic-1	59487	0.98	0.34	8.20	0.02	-19	-11	88	222	-174	-44	100007.72	4.12	0	0	0	0
Sporadic-1	60515	0.97	0.32	8.21	0.00	-22	5	87	221	-181	-43	100007.82	4.14	0	0	0	0
Sporadic-1	61542	1.15	0.30	8.20	0.01	-21	-16	85	216	-178	-46	100005.77	4.16	0	0	0	0
Sporadic-1	62570	1.20	0.31	8.20	0.01	-20	-1	87	211	-183	-51	100005.13	4.18	0	0	0	0
Sporadic-1	63603	1.73	0.33	8.21	0.04	-21	-54	93	212	-178	-50	99998.80	4.20	0	0	0	0
Sporadic-1	64640	1.58	0.30	8.21	0.02	-19	-16	90	208	-180	-44	100000.63	4.21	0	0	0	0
Sporadic-1	132	1.19	0.27	8.21	0.05	-20	-12	85	216	-182	-46	100005.22	4.22	0	0	0	0
Sporadic-1	1159	1.48	0.30	8.20	0.04	-20	-13	85	212	-180	-50	100001.80	4.25	0	0	0	0
Sporadic-1	2186	1.37	0.37	8.20	0.01	-20	0	88	214	-180	-46	100003.08	4.28	0	0	0	0
Sporadic-1	3214	1.35	0.30	8.19	0.00	-23	-13	86	223	-181	-47	100003.33	4.29	0	0	0	0
Sporadic-1	4244	14.64	1.63	16.00	1.34	-6	-2642	-659	349	-209	-127	99845.46	4.31	1	0	0	0
Sporadic-1	5271	60.67	0.07	1.21	0.26	-645	-5994	275	266	-204	138	99300.44	4.22	1	0	0	0
Sporadic-1	6299	96.71	0.03	0.76	0.33	-253	-4644	51	310	-172	-170	98875.28	4.15	1	0	0	0
Sporadic-1	7327	122.33	0.04	0.60	0.12	-1375	-3453	-247	415	-159	159	98573.89	4.09	1	0	0	0
Sporadic-1	8354	137.52	0.47	0.36	0.36	-326	-1620	1196	86	-86	128	98395.69	4.04	1	0	0	0
Sporadic-1	9382	142.14	0.03	0.28	0.46	854	-2808	490	87	45	-121	98341.55	4.01	1	0	0	0
Sporadic-1	10407	135.86	0.02	0.29	0.08	237	-2395	-581	406	186	-176	98415.19	4.00	1	0	0	0
Sporadic-1	11436	121.24	0.20	0.66	0.05	-924	-3107	-579	464	246	36	98586.78	3.98	1	0	0	0
Sporadic-1	12464	98.38	0.75	0.14	1.34	-4893	-2805	6009	377	273	75	98855.60	3.95	1	0	0	0
Sporadic-1	13491	81.33	0.85	16.00	15.77	9955	-680	28729	402	-154	186	99056.50	3.82	1	1	1	0
Sporadic-1	14519	58.44	1.57	9.97	4.70	-4067	32767	9348	299	-221	109	99326.71	3.76	1	1	1	0
Sporadic-1	15550	51.67	1.13	6.43	1.54	7217	18836	-12055	410	-254	-42	99406.75	3.74	1	1	1	0
Sporadic-1	16578	47.23	1.78	7.62	2.76	3869	23311	-422	341	-259	-105	99459.34	3.74	1	1	1	0
Sporadic-1	17605	42.14	1.48	7.77	0.13	4116	16847	375	360	-238	84	99519.49	3.72	1	1	1	0
Sporadic-1	18633	37.32	2.15	8.70	0.79	-1359	14111	-4443	336	-246	-12	99576.64	3.68	1	1	1	0
Sporadic-1	19661	32.65	1.49	7.03	1.21	400	395	1403	249	-221	113	99631.96	3.65	1	1	1	0
Sporadic-1	20689	25.67	1.95	8.11	0.46	-2034	-10671	-399	378	-250	4	99714.60	3.67	1	1	1	0
Sporadic-1	21720	19.62	1.93	7.90	1.14	-3370	-8130	-3677	329	-231	-95	99786.40	3.68	1	1	1	0
Sporadic-1	22748	12.88	2.40	6.48	1.04	698	-7524	-712	140	-146	-122	99866.46	3.67	1	1	1	0
Sporadic-1	23776	6.55	1.33	7.95	0.09	-5213	-1344	-3348	323	-243	-53	99941.53	3.68	1	1	1	0
Sporadic-1	24806	0.22	1.14	7.20	0.42	-3728	-9406	3827	268	-246	-32	100016.78	3.66	1	1	1	1
Sporadic-1	25834	-0.76	1.07	0.84	6.03	398	3459	212	268	-114	224	100028.40	3.68	1	1	1	1
Sporadic-1	26862	-0.71	1.18	1.49	7.77	-24	-11	82	271	-115	235	100027.82	3.73	1	1	1	1
Sporadic-1	27892	-0.59	1.17	1.50	7.76	-22	-9	83	274	-114	228	100026.42	3.79	1	1	1	1
Sporadic-1	28920	-0.39	1.17	1.50	7.77	-24	-13	82	271	-117	235	100024.00	3.84	1	1	1	1
Sporadic-1	29947	-0.26	1.16	1.50	7.77	-22	-11	82	267	-115	231	100022.44	3.88	1	1	1	1
Sporadic-1	30976	-0.46	1.16	1.50	7.77	-23	-11	83	279	-121	229	100024.83	3.93	1	1	1	1
Sporadic-1	32003	-0.50	1.15	1.49	7.77	-24	-11	82	272	-118	236	100025.39	3.98	1	1	1	1
Sporadic-1	33031	-0.58	1.15	1.49	7.77	-23	-12	82	277	-117	227	100026.28	4.02	1	1	1	1
Sporadic-1	34061	-0.38	1.12	1.50	7.78	-26	-32	84	276	-112	234	100023.91	4.05	1	1	1	1
Sporadic-1	35089	-0.23	1.13	1.50	7.77	-25	-14	83	274	-114	234	100022.16	4.09	1	1	1	1
Sporadic-1	36116	-0.49	1.14	1.49	7.77	-23	-10	83	276	-118	234	100025.16	4.13	1	1	1	1
Sporadic-1	37144	-0.78	1.13	1.50	7.77	-24	-17	83	272	-122	232	100028.64	4.17	1	1	1	1
Sporadic-1	38172	-0.25	1.14	1.50	7.77	-23	-10	83	271	-123	233	100022.31	4.18	1	1	1	1
Sporadic-1	39199	-0.39	1.14	1.50	7.78	-24	-13	82	270	-112	228	100024.00	4.22	1	1	1	1
Sporadic-1	40225	-0.26	1.13	1.49	7.77	-23	-6	82	274	-112	234	100022.46	4.26	1	1	1	1
Sporadic-1	41252	-0.24	1.13	1.50	7.78	-24	-16	82	281	-121	233	100022.05	4.30	1	1	1	1
Sporadic-1	42280	-0.42	1.12	1.49	7.78	-23	-5	82	275	-121	243	100024.35	4.32	1	1	1	1
Sporadic-1	43308	-0.32	1.12	1.49	7.77	-22	-11	82	275	-119	237	100023.24	4.36	1	1	1	1
Sporadic-1	44336	-0.44	1.11	1.49	7.78	-22	-9	82	276	-116	234	100024.67	4.39	1	1	1	1
Sporadic-1	45366	-0.27	1.12	1.50	7.78	-22	-10	81	272	-118	234	100022.57	4.41	1	1	1	1
Sporadic-1	46393	-0.42	1.12	1.49	7.77	-22	-12	81	277	-121	231	100024.42	4.45	1	1	1	1
Sporadic-1	47421	-0.41	1.12	1.50	7.78	-23	-12	82	274	-118	234	100024.26	4.48	1	1	1	1
Sporadic-1	48448	-0.38	1.12	1.49	7.77	-24	-15	82	278	-118	236	100023.85	4.51	1	1	1	1
Sporadic-1	49476	-0.42	1.12	1.49	7.78	-23	-12	82	272	-114	236	100024.38	4.55	1	1	1	1
Sporadic-1	50503	-0.66	1.11	1.49	7.77	-22	-12	81	279	-119	235	100027.25	4.58	1	1	1	1
Sporadic-1	51534	-0.74	1.11	1.50	7.78	-23	-10	82	275	-121	229	100028.21	4.61	1	1	1	1
Sporadic-1	52561	-0.75	1.11	1.49	7.79	-20	-7	82	281	-117	229	100028.30	4.64	1	1	1	1
Sporadic-1	53590	-0.32	1.10	1.49	7.79	-23	-19	84	271	-115	231	100023.18	4.67	1	1	1	1
Sporadic-1	54617	-0.69	1.11	1.50	7.77	-22	-10	82	282	-122	232	100027.64	4.70	1	1	1	1
Sporadic-1	55649	-0.45	1.11	1.49	7.77	-23	-12	81	272	-124	232	100024.78	4.74	1	1	1	1
Sporadic-1	56685	-0.41	1.11	1.50	7.78	-23	-11	84	270	-116	234	100024.27	4.76	1	1	1	1
Sporadic-1	57725	-0.49	1.11	1.49	7.78	-22	-13	82	277	-119	229	100025.17	4.80	1	1	1	1
Sporadic-1	58753	-0.44	1.11	1.50	7.78	-24	-12	83	276	-118	232	100024.63	4.82	1	1	1	1
Sporadic-1	59781	-0.33	1.10	1.49	7.78	-23	-14	82	277	-117	235	100023.32	4.85	1	1	1	1
Sporadic-1	60808	-0.61	1.11	1.49	7.79	-22	-11	83	277	-119	231	100026.67	4.88	1	1	1	1
Sporadic-1	61836	-0.85	1.11	1.49	7.78	-23	-14	82	277	-121	225	100029.44	4.91	1	1	1	1
Sporadic-1	62863	-0.78	1.10	1.49	7.77	-22	-12	83	277	-119	241	100028.67	4.94	1	1	1	1
Sporadic-1	63894	-0.53	1.10	1.49	7.78	-23	-12	84	273	-115	233	100025.66	4.97	1	1	1	1
Sporadic-1	64921	-0.32	1.10	1.49	7.77	-22	-12	82	276	-116	240	100023.27	5.00	1	1	1	1
Sporadic-1	413	-0.52	1.10	1.49	7.78	-22	-12	82	278	-118	230	100025.61	5.02	1	1	1	1
Sporadic-1	1440	0.10	1.10	1.49	7.77	-23	-12	83	278	-124	228	100018.21	5.05	1	1	1	1
Sporadic-1	2467	-0.45	1.10	1.50	7.79	-24	-12	84	270	-128	234	100024.68	5.09	1	1	1	1
Sporadic-1	3495	-0.62	1.10	1.49	7.78	-23	-12	81	270	-124	230	100026.71	5.12	1	1	1	1
Sporadic-1	4526	-0.48	1.10	1.49	7.78	-23	-6	84	277	-119	231	100025.14	5.14	1	1	1	1
Sporadic-1	5554	-0.69	1.09	1.49	7.78	-22	-12	83	271	-115	237	100027.60	5.17	1	1	1	1
Sporadic-1	6581	-0.43	1.10	1.49	7.78	-24	-15	83	271	-123	223	100024.55	5.20	1	1	1	1
Sporadic-1	7608	-0.57	1.09	1.49	7.77	-25	-16	83	276	-124	230	100026.16	5.22	1	1	1	1
Sporadic-1	8636	-0.63	1.10	1.49	7.78	-24	-13	82	271	-123	237	100026.91	5.25	1	1	1	1
Sporadic-1	9663	-0.52	1.10	1.49	7.77	-22	-1	82	271	-123	233	100025.60	5.27	1	1	1	1
Sporadic-1	10696	-0.62	0.47	2.15	7.62	40	302	-42	321	-143	225	100026.77	5.30	1	1	1	1
Sporadic-1	11734	-0.49	0.32	3.06	7.44	0	-3	87	372	-128	216	100025.16	5.33	1	1	1	1
Sporadic-1	12762	-0.50	3.72	8.95	8.97	2571	10435	3922	404	-244	38	100025.38	5.35	1	1	1	1
Sporadic-1	13790	0.70	5.59	2.04	1.99	-1137	2953	-1817	539	-145	-53	100011.07	5.37	1	1	1	1
Sporadic-1	14817	0.16	3.08	1.13	7.20	-1000	-1547	365	385	161	217	100017.55	5.37	1	1	1	1
Sporadic-1	15845	0.12	3.82	3.14	8.12	1318	-521	537	409	37	253	100018.00	5.35	1	1	1	1
Sporadic-1	16876	0.12	3.92	4.30	6.18	-799	-1002	969	418	12	254	100018.00	5.31	1	1	1	1
Sporadic-1	17903	0.45	5.32	6.00	0.77	500	1357	1151	512	-122	124	100014.03	5.29	1	1	1	1
Sporadic-1	18931	0.75	6.56	4.31	1.92	-1550	-2264	-652	527	-75	123	100010.55	5.31	1	1	1	1
Sporadic-1	19958	0.62	4.92	4.46	4.39	-810	883	562	484	-40	192	100012.02	5.34	1	1	1	1
Sporadic-1	20986	0.82	5.17	5.12	3.30	-70	-120	141	528	-62	150	100009.64	5.34	1	1	1	1
Sporadic-1	22014	0.60	4.65	5.65	3.76	-249	-55	34	498	-72	164	100012.22	5.35	1	1	1	1
Sporadic-1	23045	0.69	4.53	5.42	3.67	147	-71	237	500	-86	162	100011.14	5.38	1	1	1	1
Sporadic-1	24072	0.68	4.25	5.41	3.57	285	10	320	489	-81	169	100011.36	5.39	1	1	1	1
Sporadic-1	25100	0.04	6.39	4.14	3.31	52	48	148	509	-37	171	100018.89	5.39	1	1	1	1
Sporadic-1	26127	0.46	5.70	3.47	4.28	-218	-108	773	529	1	169	100013.89	5.40	1	1	1	1
Sporadic-1	27154	0.01	9.06	2.75	5.06	4388	-1709	-1369	454	20	226	100019.33	5.41	1	1	1	1
Sporadic-1	28182	-0.29	4.50	4.04	1.64	-897	1401	5074	513	-117	125	100022.88	5.39	1	1	1	1
Sporadic-1	29213	0.46	3.30	4.77	5.69	-2560	-379	-829	487	-57	187	100013.91	5.35	1	1	1	1
Sporadic-1	30240	0.58	7.45	3.07	0.14	203	-411	-428	594	16	-10	100012.50	5.36	1	1	1	1
Sporadic-1	31268	0.54	5.44	4.33	3.38	152	-32	187	467	229	73	100012.99	5.38	1	1	1	1
Sporadic-1	32295	0.55	5.48	4.31	3.58	-351	265	-381	468	228	76	100012.90	5.40	1	1	1	1
Sporadic-1	33323	0.99	5.08	5.05	2.58	154	-65	-113	456	254	42	100009.42	5.41	1	1	1	1
Sporadic-1	34351	0.70	5.69	3.04	4.07	1302	2014	3674	499	189	97	100011.11	5.43	1	1	1	1
Sporadic-1	35381	0.68	6.50	2.32	3.70	-107	14	206	504	188	100	100011.25	5.46	1	1	1	1
Sporadic-1	36411	0.54	6.48	2.05	3.88	6	-145	6	509	175	103	100013.01	5.47	1	1	1	1
Sporadic-1	37439	0.46	6.51	1.90	3.91	-23	3	42	515	175	109	100013.92	5.47	1	1	1	1
Sporadic-1	38466	1.26	4.32	7.19	2.18	160	712	-1856	539	-129	-63	100004.41	5.50	1	1	1	1
Sporadic-1	39494	1.18	2.34	8.11	0.04	-730	-121	450	479	-193	-43	100005.35	5.49	1	1	1	1
Sporadic-1	40521	1.42	2.69	5.65	0.49	-376	1041	-422	500	-186	-46	100002.57	5.49	1	1	1	1
Sporadic-1	41552	1.35	4.20	8.26	2.31	-979	2399	-686	453	-211	-49	100003.34	5.54	1	1	1	1
Sporadic-1	42579	1.11	3.91	9.88	2.45	-150	1983	-494	422	-224	-80	100006.21	5.57	1	1	1	1
Sporadic-1	43608	1.10	2.59	9.48	0.51	537	-1370	1395	403	-231	-63	100006.25	5.59	1	1	1	1
Sporadic-1	44636	1.29	0.31	8.77	0.51	79	-499	1561	467	-215	-35	100005.78	5.61	1	1	1	1
Sporadic-1	45663	1.23	0.67	8.13	0.29	27	494	-126	465	-217	-21	100004.82	5.63	1	1	1	1
Sporadic-1	46691	1.58	0.49	6.14	0.40	486	-307	-459	451	-217	-31	100000.60	5.65	1	1	1	1
Sporadic-1	47721	1.12	0.47	5.93	0.63	-271	-819	56	434	-220	-46	100006.13	5.68	1	1	1	1
Sporadic-1	48748	1.37	1.02	6.09	1.03	132	-740	-126	439	-219	-41	100003.10	5.71	1	1	1	1
Sporadic-1	49776	0.91	0.60	6.62	1.50	155	-654	-181	436	-226	-44	100008.57	5.72	1	1	1	1
Sporadic-1	50804	1.01	0.90	6.33	0.77	432	-2310	-426	459	-211	-11	100007.32	5.75	1	1	1	1
Sporadic-1	51831	1.05	0.49	6.39	0.59	10	-1650	-466	447	-225	1	100006.85	5.78	1	1	1	1
Sporadic-1	52859	1.35	0.86	7.09	0.04	62	-589	-1009	451	-223	-3	100003.35	5.81	1	1	1	1
Sporadic-1	53890	1.27	0.60	6.60	0.04	-115	-1575	-250	440	-230	-8	100004.28	5.85	1	1	1	1
Sporadic-1	54918	1.37	0.59	7.43	0.36	12	-889	-423	438	-232	8	100003.08	5.87	1	1	1	1
Sporadic-1	55945	0.79	0.45	6.26	0.33	357	-1878	-728	432	-224	18	100009.97	5.90	1	1	1	1
Sporadic-1	56973	1.04	0.03	6.49	0.33	272	-1101	-10	421	-231	5	100006.07	5.92	1	1	1	1
Sporadic-1	58000	0.98	0.57	7.18	0.10	264	-1477	-1076	438	-236	0	100007.75	5.94	1	1	1	1
Sporadic-1	59028	0.42	1.13	6.00	0.62	68	-1263	-152	460	-212	20	100014.40	5.97	1	1	1	1
Sporadic-1	60058	0.47	0.40	5.38	1.56	239	-1135	-242	434	-228	-10	100013.88	6.01	1	1	1	1
Sporadic-1	61086	0.64	0.85	5.74	1.46	-231	-254	-489	407	-239	-3	100011.82	6.02	1	1	1	1
Sporadic-1	62113	0.87	0.48	7.39	1.21	26	-847	69	401	-245	3	100008.99	6.03	1	1	1	1
Sporadic-1	63141	0.45	0.33	8.95	0.70	6	-885	-269	419	-237	9	100014.00	6.06	1	1	1	1
Sporadic-1	64168	0.50	0.30	8.82	0.74	255	-554	-36	421	-227	-3	100013.39	6.09	1	1	1	1
Sporadic-1	65196	0.60	0.23	9.05	0.03	189	-461	-435	409	-241	17	100012.28	6.11	1	1	1	1
Sporadic-1	693	0.71	0.39	8.91	0.56	-130	-171	-175	409	-233	21	100011.00	6.14	1	1	1	1
Sporadic-1	1721	0.96	4.03	8.24	2.33	-2	1568	-435	478	-202	22	100008.00	6.16	1	1	1	1
Sporadic-1	2748	0.90	3.77	10.18	0.38	334	-727	-944	462	-208	-34	100008.76	6.18	1	1	1	1
Sporadic-1	3776	0.91	1.60	9.19	2.96	522	-2864	1063	455	-189	-87	100008.55	6.21	1	1	1	1
Sporadic-1	4804	0.69	6.20	4.42	1.80	44	-243	-888	572	-58	-60	100010.21	6.23	1	1	1	1
Sporadic-1	5834	0.80	7.77	3.56	0.76	165	360	239	592	-2	32	100009.83	6.20	1	1	1	1
Sporadic-1	6861	1.55	5.65	3.83	0.73	-1940	-4429	-4154	585	19	59	100001.03	6.20	1	1	1	1
Sporadic-1	7889	0.82	7.31	3.20	2.53	-918	-110	1700	574	28	100	100009.67	6.19	1	1	1	1
Sporadic-1	8916	-0.92	5.56	2.97	3.69	2427	3297	2090	554	-118	34	100030.33	6.17	1	1	1	1
Sporadic-1	9945	-0.41	6.30	2.33	0.41	204	724	-420	575	-53	-59	100024.25	6.13	1	1	1	1
Sporadic-1	10972	0.44	7.97	1.33	1.05	-318	207	1231	583	-3	-45	100014.11	6.12	1	1	1	1
Sporadic-1	12003	0.36	7.78	0.62	1.91	546	11	-106	593	31	-27	100015.07	6.13	1	1	1	1
Sporadic-1	13031	0.37	7.34	3.13	0.16	-322	290	28	569	-65	-75	100014.99	6.13	1	1	1	1
Sporadic-1	14059	0.76	7.22	1.27	1.59	380	16	-166	593	25	-11	100010.41	6.12	1	1	1	1
Sporadic-1	15086	0.67	8.28	2.52	0.51	33	-287	573	590	22	-6	100011.39	6.14	1	1	1	1
Sporadic-1	16113	0.45	6.98	4.63	3.16	-818	-378	636	551	-83	-113	100014.10	6.17	1	1	1	1
Sporadic-1	17141	0.60	4.21	6.02	2.37	-482	721	668	536	-142	24	100012.28	6.16	1	1	1	1
Sporadic-1	18171	1.16	2.66	7.94	0.40	-943	573	1473	473	-197	-53	100005.60	6.19	1	1	1	1
Sporadic-1	19200	1.12	0.36	8.26	0.62	786	79	-151	398	-242	-40	100006.03	6.20	1	1	1	1
Sporadic-1	20227	0.80	3.81	5.20	4.85	-723	-239	1425	282	-166	-186	100009.85	6.19	1	1	1	1
Sporadic-1	21255	0.03	6.57	0.74	4.22	1692	-1194	2455	174	44	-196	100018.97	6.19	1	1	1	1
																	
																	
																	
																	
																	
																	
																	
																	
																	
																	
																	
																	
																	
																	
																	
																	
																	
																	
																	
																	
																	
																	
																	
																	
																	
																	
																	
																	
																	
																	
																	
																	
																	
																	
																	
																	
																	
																	
																	
																	
																	
																	
																	
																	
																	
																	
																	
																	
																	
																	
																	
																	
																	
																	
																	
																	
																	
																	
																	
																	
																	
																	
																	
																	
																	
																	
																	
																	
																	
																	
																	
																	
																	
																	
																	
																	
																	
																	
																	
																	
																	
																	
																	
																	
																	
																	
																	
																	
																	
																	
																	
																	
																	
																	
																	
																	
																	
																	
																	
																	
																	
																	
																	
																	
																	
																	
																	
																	
																	
Sporadic-1	1	1.73	0.33											0	0	0	0
Sporadic-1	2	1.58	0.30											0	0	0	0
Sporadic-1	3	1.19	0.27											0	0	0	0
Sporadic-1	4	1.48	0.30											0	0	0	0
Sporadic-1	5	1.37	0.37											0	0	0	0
Sporadic-1	6	1.35	0.30											0	0	0	0
Sporadic-1	7	14.64	1.63											1	0	0	0
Sporadic-1	8	60.67	0.07											1	0	0	0
Sporadic-1	9	96.71	0.03											1	0	0	0
Sporadic-1	10	122,33	0.04											1	0	0	0
Sporadic-1	11	137.52	0.47											1	0	0	0
Sporadic-1	12	142.14	0.03											1	0	0	0
Sporadic-1	13	135.86	0.02											1	0	0	0
Sporadic-1	14	121.24	0.20											1	0	0	0
Sporadic-1	15	98.38	0.75											1	0	0	0
Sporadic-1	16	81.33	0.85											1	1	1	0
Sporadic-1	17	58.44	1.57											1	1	1	0
Sporadic-1	18	51.67	1.13											1	1	1	0
Sporadic-1	19	47.23	1.78											1	1	1	0
Sporadic-1	20	42.14	1.48											1	1	1	0
Sporadic-1	21	37.32	2.15											1	1	1	0
Sporadic-1	22	32.65	1.49											1	1	1	0
Sporadic-1	23	25.67	1.95											1	1	1	0
Sporadic-1	24	19.62	1.93											1	1	1	0
Sporadic-1	25	12.88	2.40											1	1	1	0
Sporadic-1	26	6.55	1.33											1	1	1	0
Sporadic-1	27	0.22	1.14											1	1	1	1
Sporadic-1	28	-0.76	1.07											1	1	1	1
Sporadic-1	29	-0.71	1.18											1	1	1	1
Sporadic-1	30	-0.59	1.17											1	1	1	1
Sporadic-1	31	-0.39	1.17											1	1	1	1
Sporadic-1	32	-0.26	1.16											1	1	1	1
Sporadic-1	33	-0.46	1.16											1	1	1	1
Sporadic-1	34	-0.50	1.15											1	1	1	1
Sporadic-1	35	-0.58	1.15											1	1	1	1
Sporadic-1	36	-0.38	1.12											1	1	1	1
Sporadic-1	37	-0.23	1.13											1	1	1	1
Sporadic-1	38	-0.49	1.14											1	1	1	1
Sporadic-1	39	-0.78	1.13											1	1	1	1
Sporadic-1	40	-0.25	1.14											1	1	1	1
Sporadic-1	41	-0.39	1.14											1	1	1	1
Sporadic-1	42	-0.26	1.13											1	1	1	1
Sporadic-1	43	-0.24	1.13											1	1	1	1
Sporadic-1	44	-0.42	1.12											1	1	1	1
Sporadic-1	45	-0.32	1.12											1	1	1	1
Sporadic-1	46	-0.44	1.11											1	1	1	1
Sporadic-1	47	-0.27	1.12											1	1	1	1
Sporadic-1	48	-0.42	1.12											1	1	1	1
Sporadic-1	49	-0.41	1.12											1	1	1	1
Sporadic-1	50	-0.38	1.12											1	1	1	1
Sporadic-1	51	-0.42	1.12											1	1	1	1
Sporadic-1	52	-0.66	1.11											1	1	1	1
Sporadic-1	53	-0.74	1.11											1	1	1	1
Sporadic-1	54	-0.75	1.11											1	1	1	1
Sporadic-1	55	-0.32	1.10											1	1	1	1
Sporadic-1	56	-0.69	1.11											1	1	1	1
Sporadic-1	57	-0.45	1.11											1	1	1	1
Sporadic-1	58	-0.41	1.11											1	1	1	1
Sporadic-1	59	-0.49	1.11											1	1	1	1
Sporadic-1	60	-0.44	1.11											1	1	1	1
Sporadic-1	61	-0.33	1.10											1	1	1	1
Sporadic-1	62	-0.61	1.11											1	1	1	1
Sporadic-1	63	-0.85	1.11											1	1	1	1
Sporadic-1	64	-0.78	1.10											1	1	1	1
Sporadic-1	65	-0.53	1.10											1	1	1	1
Sporadic-1	66	-0.32	1.10											1	1	1	1
Sporadic-1	67	-0.52	1.10											1	1	1	1
Sporadic-1	68	0.10	1.10											1	1	1	1
Sporadic-1	69	-0.45	1.10											1	1	1	1
Sporadic-1	70	-0.62	1.10											1	1	1	1
Sporadic-1	71	-0.48	1.10											1	1	1	1
Sporadic-1	72	-0.69	1.09											1	1	1	1
Sporadic-1	73	-0.43	1.10											1	1	1	1
Sporadic-1	74	-0.57	1.09											1	1	1	1
Sporadic-1	75	-0.63	1.10											1	1	1	1
Sporadic-1	76	-0.52	1.10											1	1	1	1
Sporadic-1	77	-0.62	0.47											1	1	1	1
Sporadic-1	78	-0.49	0.32											1	1	1	1
Sporadic-1	79	-0.50	3.72											1	1	1	1
Sporadic-1	80	0.70	5.59											1	1	1	1
Sporadic-1	81	0.16	3.08											1	1	1	1
Sporadic-1	82	0.12	3.82											1	1	1	1
Sporadic-1	83	0.12	3.92											1	1	1	1
Sporadic-1	84	0.45	5.32											1	1	1	1
Sporadic-1	85	0.75	6.56											1	1	1	1
Sporadic-1	86	0.62	4.92											1	1	1	1
Sporadic-1	87	0.82	5.17											1	1	1	1
Sporadic-1	88	0.60	4.65											1	1	1	1
Sporadic-1	89	0.69	4.53											1	1	1	1
Sporadic-1	90	0.68	4.25											1	1	1	1
Sporadic-1	91	0.04	6.39											1	1	1	1
Sporadic-1	92	0.46	5.70											1	1	1	1
Sporadic-1	93	0.01	9.06											1	1	1	1
Sporadic-1	94	-0.29	4.50											1	1	1	1
Sporadic-1	95	0.46	3.30											1	1	1	1
Sporadic-1	96	0.58	7.45											1	1	1	1
Sporadic-1	97	0.54	5.44											1	1	1	1
Sporadic-1	98	0.55	5.48											1	1	1	1
Sporadic-1	99	0.99	5.08											1	1	1	1
Sporadic-1	100	0.70	5.69											1	1	1	1
Sporadic-1	101	0.68	6.50											1	1	1	1
Sporadic-1	102	0.54	6.48											1	1	1	1
Sporadic-1	103	0.46	6.51											1	1	1	1
Sporadic-1	104	1.26	4.32											1	1	1	1
Sporadic-1	105	1.18	2.34											1	1	1	1
Sporadic-1	106	1.42	2.69											1	1	1	1
Sporadic-1	107	1.35	4.20											1	1	1	1
Sporadic-1	108	1.11	3.91											1	1	1	1
Sporadic-1	109	1.10	2.59											1	1	1	1
Sporadic-1	110	1.29	0.31											1	1	1	1
Sporadic-1	111	1.23	0.67											1	1	1	1
Sporadic-1	112	1.58	0.49											1	1	1	1
Sporadic-1	113	1.12	0.47											1	1	1	1
Sporadic-1	114	1.37	1.02											1	1	1	1
Sporadic-1	115	0.91	0.60											1	1	1	1
Sporadic-1	116	1.01	0.90											1	1	1	1
Sporadic-1	117	1.05	0.49											1	1	1	1
Sporadic-1	118	1.35	0.86											1	1	1	1
Sporadic-1	119	1.27	0.60											1	1	1	1
Sporadic-1	120	1.37	0.59											1	1	1	1
Sporadic-1	121	0.79	0.45											1	1	1	1
Sporadic-1	122	1.04	0.03											1	1	1	1
Sporadic-1	123	0.98	0.57											1	1	1	1
Sporadic-1	124	0.42	1.13											1	1	1	1
Sporadic-1	125	0.47	0.40											1	1	1	1
Sporadic-1	126	0.64	0.85											1	1	1	1
Sporadic-1	127	0.87	0.48											1	1	1	1
Sporadic-1	128	0.45	0.33											1	1	1	1
Sporadic-1	129	0.50	0.30											1	1	1	1
Sporadic-1	130	0.60	0.23											1	1	1	1
Sporadic-1	131	0.71	0.39											1	1	1	1
Sporadic-1	132	0.96	4.03											1	1	1	1
Sporadic-1	133	0.90	3.77											1	1	1	1
Sporadic-1	134	0.91	1.60											1	1	1	1
Sporadic-1	135	0.69	6.20											1	1	1	1
Sporadic-1	136	0.80	7.77											1	1	1	1
Sporadic-1	137	1.55	5.65											1	1	1	1
Sporadic-1	138	0.82	7.31											1	1	1	1
Sporadic-1	139	-0.92	5.56											1	1	1	1
Sporadic-1	140	-0.41	6.30											1	1	1	1
Sporadic-1	141	0.44	7.97											1	1	1	1
Sporadic-1	142	0.36	7.78											1	1	1	1
Sporadic-1	143	0.37	7.34											1	1	1	1
Sporadic-1	144	0.76	7.22											1	1	1	1
Sporadic-1	145	0.67	8.28											1	1	1	1
Sporadic-1	146	0.45	6.98											1	1	1	1
Sporadic-1	147	0.60	4.21											1	1	1	1
Sporadic-1	148	1.16	2.66											1	1	1	1
Sporadic-1	149	1.12	0.36											1	1	1	1
Sporadic-1	150	0.80	3.81											1	1	1	1
Sporadic-1	151	0.03	6.57											1	1	1	1
