Sporadic-1;2676;0.00;2.87;0;0;0;0;0.15;657
Sporadic-1;3707;0.19;2.98;0;0;0;0;0.22;660
Sporadic-1;4734;-0.01;4.14;0;0;0;0;0.29;629
Sporadic-1;5763;-0.32;3.81;0;0;0;0;0.36;633
Sporadic-1;6790;-0.15;3.81;0;0;0;0;0.44;618
Sporadic-1;7820;-0.10;1.45;0;0;0;0;0.51;854
Sporadic-1;8848;0.15;0.23;0;0;0;0;0.58;1008
Sporadic-1;9878;0.42;0.42;0;0;0;0;0.65;1015
Sporadic-1;10905;0.61;0.42;0;0;0;0;0.71;1017
Sporadic-1;11933;0.38;0.36;0;0;0;0;0.78;1018
Sporadic-1;12961;0.15;0.40;0;0;0;0;0.84;1018
Sporadic-1;13988;0.61;0.20;0;0;0;0;0.89;1019
Sporadic-1;15015;0.33;0.33;0;0;0;0;0.96;1019
Sporadic-1;16047;0.10;0.38;0;0;0;0;1.01;1019
Sporadic-1;17074;0.27;0.37;0;0;0;0;1.06;1019
Sporadic-1;18102;0.79;0.40;0;0;0;0;1.12;1020
Sporadic-1;19129;0.61;0.37;0;0;0;0;1.16;1020
Sporadic-1;20157;0.90;0.38;0;0;0;0;1.21;1020
Sporadic-1;21184;0.25;0.39;0;0;0;0;1.25;1020
Sporadic-1;22215;0.12;0.35;0;0;0;0;1.31;1020
Sporadic-1;23242;0.19;0.38;0;0;0;0;1.35;1020
Sporadic-1;24270;0.41;0.29;0;0;0;0;1.40;1020
Sporadic-1;25297;0.51;0.41;0;0;0;0;1.45;1020
Sporadic-1;26326;0.44;0.34;0;0;0;0;1.49;1019
Sporadic-1;27353;0.21;0.35;0;0;0;0;1.52;1019
Sporadic-1;28384;0.14;0.37;0;0;0;0;1.57;1019
Sporadic-1;29411;0.30;0.35;0;0;0;0;1.60;1020
Sporadic-1;30439;0.27;0.36;0;0;0;0;1.64;1020
Sporadic-1;31466;0.12;0.35;0;0;0;0;1.67;1020
Sporadic-1;32493;0.48;0.35;0;0;0;0;1.71;1020
Sporadic-1;33521;0.43;0.36;0;0;0;0;1.74;1019
Sporadic-1;34551;0.30;0.36;0;0;0;0;1.78;1019
Sporadic-1;35579;0.58;0.35;0;0;0;0;1.81;1019
Sporadic-1;36606;0.09;0.39;0;0;0;0;1.84;1019
Sporadic-1;37637;-0.02;0.35;0;0;0;0;1.88;1019
Sporadic-1;38665;-0.08;0.34;0;0;0;0;1.92;1019
Sporadic-1;39693;0.40;0.34;0;0;0;0;1.95;1019
Sporadic-1;40720;0.54;0.36;0;0;0;0;1.98;1019
Sporadic-1;41746;0.51;0.35;0;0;0;0;2.01;1019
Sporadic-1;42773;0.30;0.36;0;0;0;0;2.05;1019
Sporadic-1;43801;0.66;0.35;0;0;0;0;2.08;1019
Sporadic-1;44828;1.06;0.39;0;0;0;0;2.11;1020
Sporadic-1;45856;0.98;0.36;0;0;0;0;2.14;1020
Sporadic-1;46883;0.75;0.34;0;0;0;0;2.16;1020
Sporadic-1;47915;0.30;0.35;0;0;0;0;2.20;1020
Sporadic-1;48942;0.82;0.32;0;0;0;0;2.23;1020
Sporadic-1;49970;0.24;0.37;0;0;0;0;2.27;1019
Sporadic-1;50998;0.50;0.35;0;0;0;0;2.29;1019
Sporadic-1;52025;0.56;0.35;0;0;0;0;2.32;1019
Sporadic-1;53053;0.34;0.33;0;0;0;0;2.36;1019
Sporadic-1;54083;0.54;0.39;0;0;0;0;2.39;1019
Sporadic-1;55111;0.87;0.33;0;0;0;0;2.42;1019
Sporadic-1;56138;0.43;0.33;0;0;0;0;2.45;1019
Sporadic-1;57166;0.52;0.37;0;0;0;0;2.48;1019
Sporadic-1;58193;1.20;0.29;0;0;0;0;2.50;1019
Sporadic-1;59222;0.82;0.40;0;0;0;0;2.53;1020
Sporadic-1;60252;1.10;0.37;0;0;0;0;2.56;1020
Sporadic-1;61279;0.98;0.37;0;0;0;0;2.59;1020
Sporadic-1;62307;1.05;0.33;0;0;0;0;2.62;1020
Sporadic-1;63334;0.50;0.38;0;0;0;0;2.65;1020
Sporadic-1;64362;0.61;0.35;0;0;0;0;2.68;1020
Sporadic-1;65389;0.25;0.34;0;0;0;0;2.71;1020
Sporadic-1;884;1.49;0.33;0;0;0;0;2.74;1020
Sporadic-1;1911;0.71;0.34;0;0;0;0;2.77;1020
Sporadic-1;2941;0.73;0.34;0;0;0;0;2.80;1020
Sporadic-1;3969;1.69;0.34;0;0;0;0;2.83;1020
Sporadic-1;4997;0.77;0.34;0;0;0;0;2.85;1020
Sporadic-1;6024;1.14;0.33;0;0;0;0;2.89;1020
Sporadic-1;7054;0.83;0.36;0;0;0;0;2.91;1020
Sporadic-1;8082;0.91;0.33;0;0;0;0;2.93;1020
Sporadic-1;9109;1.09;0.32;0;0;0;0;2.96;1020
Sporadic-1;10137;0.84;0.38;0;0;0;0;2.99;1020
Sporadic-1;11164;0.85;0.29;0;0;0;0;3.02;1020
Sporadic-1;12191;0.83;0.32;0;0;0;0;3.05;1020
Sporadic-1;13222;0.72;0.33;0;0;0;0;3.08;1019
Sporadic-1;14249;0.95;0.36;0;0;0;0;3.10;1019
Sporadic-1;15278;0.65;0.32;0;0;0;0;3.13;1019
Sporadic-1;16305;0.41;0.34;0;0;0;0;3.16;1019
Sporadic-1;17333;0.92;0.34;0;0;0;0;3.18;1019
Sporadic-1;18360;0.86;0.37;0;0;0;0;3.21;1019
Sporadic-1;19390;0.84;0.36;0;0;0;0;3.24;1019
Sporadic-1;20418;0.53;0.32;0;0;0;0;3.26;1019
Sporadic-1;21445;0.29;0.35;0;0;0;0;3.28;1019
Sporadic-1;22473;0.12;0.32;0;0;0;0;3.32;1019
Sporadic-1;23500;0.20;0.35;0;0;0;0;3.33;1019
Sporadic-1;24528;0.99;0.36;0;0;0;0;3.35;1019
Sporadic-1;25559;0.22;0.33;0;0;0;0;3.38;1019
Sporadic-1;26587;0.40;0.34;0;0;0;0;3.41;1019
Sporadic-1;27615;0.35;0.32;0;0;0;0;3.42;1019
Sporadic-1;28642;0.57;0.35;0;0;0;0;3.44;1019
Sporadic-1;29669;0.49;0.28;0;0;0;0;3.47;1019
Sporadic-1;30697;0.46;0.37;0;0;0;0;3.50;1019
Sporadic-1;31728;0.77;0.35;0;0;0;0;3.52;1019
Sporadic-1;32755;1.31;0.35;0;0;0;0;3.54;1019
Sporadic-1;33785;0.70;0.34;0;0;0;0;3.56;1019
Sporadic-1;34813;1.66;0.39;0;0;0;0;3.58;1019
Sporadic-1;35841;1.58;0.33;0;0;0;0;3.60;1019
Sporadic-1;36869;0.93;0.36;0;0;0;0;3.64;1019
Sporadic-1;37899;0.63;0.32;0;0;0;0;3.66;1019
Sporadic-1;38927;1.09;0.25;0;0;0;0;3.68;1019
Sporadic-1;39955;1.00;0.34;0;0;0;0;3.71;1019
Sporadic-1;40982;1.25;0.28;0;0;0;0;3.73;1019
Sporadic-1;42009;0.98;0.39;0;0;0;0;3.75;1019
Sporadic-1;43037;0.91;0.35;0;0;0;0;3.78;1019
Sporadic-1;44068;1.30;0.42;0;0;0;0;3.81;1019
Sporadic-1;45095;0.86;0.35;0;0;0;0;3.83;1019
Sporadic-1;46123;0.67;0.38;0;0;0;0;3.85;1019
Sporadic-1;47151;0.97;0.32;0;0;0;0;3.87;1019
Sporadic-1;48178;1.20;0.33;0;0;0;0;3.89;1019
Sporadic-1;49206;0.78;0.32;0;0;0;0;3.92;1019
Sporadic-1;50236;0.72;0.38;0;0;0;0;3.94;1019
Sporadic-1;51264;0.97;0.32;0;0;0;0;3.96;1019
Sporadic-1;52291;0.83;0.37;0;0;0;0;3.98;1019
Sporadic-1;53319;0.96;0.32;0;0;0;0;4.00;1019
Sporadic-1;54346;1.17;0.35;0;0;0;0;4.02;1019
Sporadic-1;55374;1.15;0.30;0;0;0;0;4.05;1019
Sporadic-1;56401;1.10;0.34;0;0;0;0;4.07;1019
Sporadic-1;57432;0.89;0.33;0;0;0;0;4.08;1019
Sporadic-1;58460;1.36;0.29;0;0;0;0;4.10;1019
Sporadic-1;59487;0.98;0.34;0;0;0;0;4.12;1019
Sporadic-1;60515;0.97;0.32;0;0;0;0;4.14;1019
Sporadic-1;61542;1.15;0.30;0;0;0;0;4.16;1019
Sporadic-1;62570;1.20;0.31;0;0;0;0;4.18;1019
Sporadic-1;63603;1.73;0.34;0;0;0;0;4.20;1019
Sporadic-1;64640;1.58;0.30;0;0;0;0;4.21;1019
Sporadic-1;132;1.19;0.28;0;0;0;0;4.22;1019
Sporadic-1;1159;1.48;0.30;0;0;0;0;4.25;1019
Sporadic-1;2186;1.37;0.37;0;0;0;0;4.28;1019
Sporadic-1;3214;1.35;0.30;0;0;0;0;4.29;1019
Sporadic-1;4244;14.64;2.11;1;0;0;0;4.31;1018
Sporadic-1;5271;60.67;2.11;1;0;0;0;4.22;1019
Sporadic-1;6299;96.71;2.11;1;0;0;0;4.15;1019
Sporadic-1;7327;122.33;2.11;1;0;0;0;4.09;1018
Sporadic-1;8354;137.52;2.11;1;0;0;0;4.04;1020
Sporadic-1;9382;142.14;2.11;1;0;0;0;4.01;1021
Sporadic-1;10407;135.86;2.11;1;0;0;0;4.00;1019
Sporadic-1;11436;121.24;0.20;1;0;0;0;3.98;1019
Sporadic-1;12464;98.38;0.77;1;0;0;0;3.95;902
Sporadic-1;13491;81.33;0.77;1;1;1;0;3.82;439
Sporadic-1;14519;58.44;0.77;1;1;1;0;3.76;459
Sporadic-1;15550;51.67;0.77;1;1;1;0;3.74;459
Sporadic-1;16578;47.23;0.77;1;1;1;0;3.74;460
Sporadic-1;17605;42.14;1.49;1;1;1;0;3.72;473
Sporadic-1;18633;37.32;2.29;1;1;1;0;3.68;475
Sporadic-1;19661;32.65;1.91;1;1;1;0;3.65;485
Sporadic-1;20689;25.67;2.00;1;1;1;0;3.67;491
Sporadic-1;21720;19.62;2.24;1;1;1;0;3.68;494
Sporadic-1;22748;12.88;2.61;1;1;1;0;3.67;489
Sporadic-1;23776;6.55;1.34;1;1;1;0;3.68;507
Sporadic-1;24806;0.22;1.22;1;1;1;1;3.66;504
Sporadic-1;29947;-0.26;1.36;1;1;1;1;3.88;600
Sporadic-1;30976;-0.46;1.36;1;1;1;1;3.93;601